0  0
1  0
2  0
3  0
4  0
5  0
6  0
7  0
8  0
9  0
10  0
11  0
12  0
13  0
14  0
15  34
16  30
17  36
18  32
19  32
20  30
21  34
22  28
23  41
24  36
25  37
26  22
27  29
28  32
29  35
30  25
31  32
32  38
33  33
34  34
35  31
36  32
37  37
38  33
39  26
40  30
41  24
42  40
43  24
44  22
45  37
46  34
47  50
48  47
49  26
50  38
51  31
52  45
53  31
54  27
55  44
56  34
57  37
58  35
59  37
60  40
61  36
62  40
63  45
64  33
65  41
66  30
67  35
68  30
69  39
70  46
71  37
72  36
73  37
74  33
75  34
76  11
77  95
78  366
79  437
80  411
81  418
82  415
83  424
84  424
85  381
86  394
87  369
88  368
89  330
90  349
91  332
92  330
93  278
94  345
95  311
96  337
97  311
98  270
99  259
100  272
101  249
102  250
103  229
104  232
105  201
106  202
107  193
108  189
109  194
110  194
111  154
112  171
113  145
114  129
115  148
116  154
117  134
118  165
119  141
120  126
121  128
122  151
123  130
124  166
125  170
126  148
127  164
128  197
129  214
130  240
131  263
132  306
133  354
134  395
135  444
136  498
137  562
138  596
139  657
140  726
141  735
142  781
143  734
144  814
145  766
146  862
147  771
148  815
149  720
150  712
151  672
152  609
153  543
154  512
155  430
156  443
157  341
158  340
159  274
160  254
161  219
162  197
163  157
164  120
165  127
166  101
167  114
168  108
169  88
170  89
171  82
172  69
173  76
174  57
175  84
176  59
177  50
178  71
179  60
180  57
181  60
182  63
183  57
184  63
185  63
186  51
187  44
188  56
189  64
190  65
191  67
192  54
193  49
194  52
195  53
196  44
197  60
198  44
199  60
200  49
201  56
202  48
203  50
204  61
205  48
206  58
207  49
208  55
209  58
210  55
211  46
212  63
213  55
214  54
215  51
216  71
217  46
218  58
219  57
220  51
221  55
222  64
223  50
224  47
225  58
226  59
227  48
228  39
229  48
230  52
231  48
232  53
233  54
234  56
235  58
236  60
237  55
238  45
239  53
240  64
241  52
242  57
243  60
244  67
245  40
246  62
247  64
248  48
249  62
250  60
251  56
252  62
253  52
254  60
255  61
256  60
257  67
258  70
259  49
260  43
261  75
262  57
263  49
264  50
265  55
266  49
267  54
268  57
269  39
270  49
271  60
272  46
273  49
274  60
275  50
276  36
277  63
278  49
279  39
280  47
281  43
282  32
283  37
284  48
285  40
286  33
287  29
288  21
289  39
290  36
291  40
292  22
293  27
294  34
295  30
296  29
297  33
298  23
299  28
300  24
301  29
302  28
303  16
304  27
305  25
306  27
307  31
308  24
309  27
310  35
311  23
312  40
313  41
314  33
315  41
316  49
317  45
318  44
319  35
320  50
321  62
322  53
323  55
324  73
325  81
326  74
327  86
328  67
329  78
330  101
331  88
332  85
333  87
334  75
335  100
336  79
337  102
338  97
339  106
340  87
341  82
342  86
343  84
344  80
345  78
346  69
347  77
348  67
349  67
350  69
351  54
352  43
353  58
354  53
355  42
356  31
357  34
358  29
359  31
360  36
361  31
362  33
363  26
364  27
365  26
366  21
367  22
368  21
369  23
370  12
371  15
372  19
373  15
374  10
375  14
376  13
377  10
378  9
379  16
380  10
381  15
382  7
383  9
384  14
385  13
386  4
387  6
388  11
389  15
390  3
391  7
392  8
393  10
394  10
395  3
396  5
397  8
398  7
399  6
400  4
401  11
402  6
403  4
404  6
405  7
406  8
407  5
408  6
409  5
410  6
411  3
412  4
413  3
414  4
415  3
416  2
417  5
418  4
419  6
420  2
421  4
422  6
423  1
424  3
425  2
426  2
427  2
428  4
429  2
430  4
431  3
432  4
433  2
434  2
435  3
436  5
437  2
438  3
439  5
440  4
441  3
442  6
443  4
444  3
445  3
446  3
447  1
448  1
449  1
450  2
451  3
452  4
453  1
454  3
455  4
456  2
457  0
458  3
459  2
460  2
461  4
462  5
463  3
464  4
465  3
466  3
467  1
468  2
469  1
470  2
471  2
472  6
473  6
474  2
475  4
476  0
477  6
478  5
479  5
480  5
481  4
482  1
483  2
484  1
485  3
486  4
487  3
488  2
489  1
490  1
491  1
492  1
493  3
494  2
495  4
496  1
497  6
498  1
499  1
500  4
501  0
502  3
503  2
504  2
505  2
506  1
507  0
508  1
509  0
510  1
511  0
512  1
513  2
514  1
515  0
516  1
517  1
518  0
519  3
520  2
521  3
522  0
523  0
524  1
525  1
526  1
527  1
528  2
529  5
530  1
531  0
532  2
533  2
534  0
535  1
536  0
537  2
538  0
539  4
540  1
541  3
542  1
543  0
544  3
545  0
546  2
547  1
548  4
549  0
550  2
551  1
552  0
553  2
554  0
555  1
556  2
557  2
558  0
559  2
560  1
561  2
562  1
563  1
564  0
565  0
566  3
567  1
568  0
569  0
570  0
571  0
572  3
573  2
574  2
575  0
576  0
577  4
578  1
579  0
580  2
581  0
582  2
583  3
584  0
585  2
586  1
587  1
588  1
589  4
590  2
591  0
592  1
593  1
594  1
595  1
596  0
597  0
598  1
599  0
600  0
601  0
602  0
603  1
604  0
605  0
606  4
607  1
608  0
609  5
610  1
611  0
612  0
613  1
614  1
615  2
616  0
617  2
618  1
619  3
620  0
621  1
622  0
623  1
624  1
625  0
626  0
627  0
628  1
629  0
630  0
631  0
632  0
633  2
634  1
635  0
636  0
637  0
638  0
639  0
640  2
641  0
642  1
643  2
644  0
645  0
646  1
647  0
648  1
649  0
650  1
651  0
652  0
653  0
654  0
655  0
656  0
657  1
658  0
659  0
660  0
661  0
662  1
663  1
664  1
665  0
666  1
667  1
668  1
669  0
670  1
671  1
672  1
673  2
674  1
675  0
676  1
677  0
678  0
679  0
680  0
681  1
682  0
683  0
684  1
685  1
686  0
687  0
688  0
689  0
690  1
691  1
692  2
693  0
694  0
695  0
696  0
697  0
698  0
699  1
700  0
701  1
702  0
703  0
704  0
705  1
706  0
707  0
708  0
709  0
710  0
711  0
712  0
713  0
714  1
715  1
716  0
717  0
718  0
719  0
720  0
721  0
722  0
723  1
724  1
725  1
726  0
727  0
728  0
729  1
730  1
731  0
732  0
733  1
734  0
735  0
736  0
737  0
738  0
739  0
740  0
741  0
742  0
743  0
744  1
745  0
746  0
747  0
748  0
749  0
750  0
751  0
752  0
753  0
754  0
755  0
756  0
757  0
758  0
759  0
760  0
761  0
762  0
763  0
764  0
765  0
766  0
767  0
768  0
769  0
770  0
771  0
772  0
773  0
774  0
775  0
776  0
777  0
778  0
779  0
780  0
781  0
782  0
783  0
784  0
785  0
786  0
787  0
788  0
789  0
790  0
791  1
792  0
793  0
794  0
795  0
796  0
797  0
798  0
799  0
800  0
801  0
802  0
803  0
804  0
805  0
806  0
807  0
808  0
809  1
810  0
811  0
812  0
813  0
814  0
815  0
816  0
817  0
818  0
819  0
820  0
821  0
822  0
823  0
824  0
825  0
826  0
827  0
828  1
829  0
830  0
831  0
832  0
833  0
834  0
835  0
836  0
837  0
838  0
839  0
840  0
841  0
842  0
843  1
844  0
845  0
846  0
847  0
848  1
849  0
850  0
851  0
852  0
853  0
854  0
855  0
856  0
857  0
858  0
859  0
860  0
861  0
862  0
863  0
864  0
865  0
866  0
867  0
868  0
869  0
870  0
871  0
872  0
873  0
874  0
875  1
876  0
877  0
878  0
879  0
880  0
881  0
882  0
883  0
884  0
885  0
886  0
887  0
888  0
889  0
890  0
891  0
892  0
893  0
894  0
895  0
896  0
897  0
898  0
899  0
900  0
901  0
902  0
903  0
904  0
905  0
906  0
907  0
908  0
909  0
910  0
911  0
912  0
913  0
914  0
915  0
916  0
917  0
918  0
919  0
920  0
921  0
922  0
923  0
924  0
925  0
926  0
927  0
928  0
929  0
930  0
931  0
932  0
933  0
934  0
935  0
936  0
937  0
938  0
939  0
940  0
941  0
942  0
943  0
944  0
945  0
946  0
947  0
948  0
949  0
950  0
951  0
952  0
953  0
954  0
955  0
956  0
957  0
958  0
959  0
960  0
961  0
962  0
963  0
964  0
965  0
966  0
967  0
968  0
969  0
970  0
971  0
972  0
973  0
974  0
975  0
976  0
977  0
978  0
979  0
980  0
981  0
982  0
983  0
984  0
985  0
986  0
987  0
988  0
989  0
990  0
991  0
992  0
993  0
994  0
995  0
996  0
997  0
998  0
999  0
1000  0
1001  0
1002  0
1003  0
1004  0
1005  0
1006  0
1007  0
1008  0
1009  0
1010  0
1011  0
1012  0
1013  0
1014  0
1015  0
1016  1
1017  2
1018  0
1019  1
1020  0
1021  0
1022  1
1023  0
