0  0
1  0
2  0
3  0
4  0
5  0
6  0
7  0
8  0
9  0
10  0
11  0
12  0
13  0
14  0
15  32
16  23
17  26
18  32
19  21
20  33
21  29
22  26
23  26
24  27
25  24
26  27
27  27
28  28
29  34
30  35
31  24
32  24
33  28
34  25
35  25
36  32
37  37
38  27
39  18
40  27
41  33
42  34
43  26
44  39
45  35
46  30
47  23
48  27
49  35
50  28
51  35
52  33
53  35
54  29
55  36
56  36
57  47
58  37
59  38
60  51
61  39
62  41
63  34
64  32
65  37
66  35
67  28
68  26
69  37
70  32
71  39
72  34
73  31
74  40
75  31
76  16
77  107
78  352
79  460
80  449
81  422
82  415
83  395
84  378
85  402
86  404
87  361
88  365
89  389
90  333
91  386
92  370
93  365
94  315
95  334
96  327
97  309
98  285
99  303
100  309
101  259
102  247
103  226
104  204
105  225
106  196
107  202
108  177
109  177
110  190
111  172
112  139
113  156
114  152
115  154
116  141
117  162
118  158
119  155
120  152
121  133
122  130
123  156
124  153
125  164
126  173
127  175
128  213
129  209
130  245
131  291
132  316
133  371
134  395
135  443
136  517
137  527
138  601
139  664
140  718
141  745
142  799
143  790
144  828
145  821
146  831
147  776
148  799
149  785
150  736
151  627
152  620
153  547
154  488
155  484
156  410
157  329
158  333
159  248
160  233
161  184
162  182
163  136
164  143
165  105
166  118
167  94
168  106
169  86
170  91
171  93
172  72
173  66
174  67
175  53
176  64
177  70
178  56
179  62
180  51
181  61
182  64
183  75
184  59
185  50
186  56
187  64
188  64
189  53
190  60
191  59
192  68
193  50
194  57
195  51
196  56
197  63
198  55
199  63
200  51
201  58
202  55
203  50
204  60
205  48
206  60
207  44
208  53
209  61
210  55
211  67
212  39
213  51
214  56
215  52
216  54
217  60
218  51
219  69
220  54
221  58
222  48
223  56
224  60
225  49
226  50
227  69
228  52
229  56
230  59
231  58
232  64
233  55
234  61
235  54
236  58
237  54
238  40
239  59
240  52
241  67
242  54
243  44
244  55
245  54
246  51
247  53
248  55
249  53
250  62
251  53
252  62
253  60
254  52
255  34
256  49
257  72
258  60
259  43
260  50
261  53
262  49
263  60
264  57
265  41
266  45
267  48
268  63
269  52
270  57
271  59
272  61
273  45
274  40
275  59
276  47
277  43
278  33
279  46
280  35
281  45
282  38
283  35
284  35
285  32
286  27
287  32
288  28
289  29
290  30
291  37
292  25
293  33
294  26
295  22
296  26
297  18
298  13
299  14
300  27
301  26
302  22
303  21
304  21
305  18
306  29
307  30
308  31
309  27
310  19
311  24
312  27
313  37
314  33
315  46
316  41
317  53
318  50
319  52
320  50
321  54
322  65
323  70
324  66
325  90
326  65
327  77
328  85
329  81
330  92
331  93
332  84
333  83
334  83
335  77
336  112
337  83
338  91
339  88
340  99
341  83
342  91
343  86
344  74
345  79
346  75
347  78
348  68
349  53
350  56
351  57
352  58
353  59
354  47
355  53
356  42
357  41
358  52
359  33
360  38
361  29
362  30
363  23
364  27
365  23
366  29
367  15
368  15
369  10
370  13
371  19
372  17
373  17
374  19
375  19
376  10
377  16
378  10
379  18
380  11
381  13
382  10
383  11
384  11
385  13
386  14
387  13
388  6
389  12
390  6
391  6
392  12
393  7
394  10
395  14
396  10
397  4
398  9
399  12
400  10
401  5
402  10
403  6
404  4
405  8
406  4
407  7
408  4
409  9
410  6
411  4
412  12
413  6
414  6
415  5
416  3
417  5
418  5
419  4
420  4
421  1
422  4
423  3
424  5
425  5
426  2
427  5
428  5
429  9
430  7
431  3
432  4
433  3
434  3
435  4
436  0
437  2
438  1
439  6
440  4
441  4
442  4
443  3
444  6
445  4
446  4
447  3
448  1
449  1
450  5
451  4
452  3
453  1
454  2
455  4
456  1
457  0
458  3
459  1
460  4
461  3
462  3
463  3
464  2
465  1
466  5
467  3
468  4
469  4
470  3
471  2
472  0
473  2
474  4
475  2
476  5
477  1
478  3
479  3
480  3
481  5
482  2
483  3
484  1
485  2
486  3
487  4
488  2
489  4
490  3
491  2
492  1
493  2
494  1
495  0
496  2
497  2
498  2
499  1
500  2
501  3
502  1
503  0
504  2
505  3
506  2
507  1
508  0
509  0
510  2
511  2
512  2
513  1
514  6
515  2
516  1
517  1
518  2
519  0
520  1
521  0
522  2
523  0
524  0
525  0
526  2
527  5
528  2
529  1
530  2
531  2
532  0
533  0
534  1
535  0
536  0
537  1
538  1
539  0
540  0
541  0
542  1
543  0
544  1
545  0
546  1
547  2
548  1
549  0
550  4
551  0
552  1
553  1
554  0
555  3
556  0
557  0
558  2
559  1
560  1
561  1
562  0
563  1
564  1
565  2
566  1
567  0
568  0
569  1
570  0
571  0
572  0
573  1
574  0
575  1
576  0
577  1
578  0
579  2
580  0
581  2
582  2
583  1
584  0
585  1
586  0
587  0
588  2
589  0
590  0
591  0
592  1
593  1
594  2
595  0
596  0
597  0
598  0
599  1
600  1
601  0
602  1
603  0
604  2
605  1
606  1
607  1
608  0
609  0
610  1
611  0
612  0
613  1
614  1
615  2
616  0
617  0
618  1
619  2
620  1
621  0
622  1
623  1
624  0
625  0
626  0
627  0
628  0
629  0
630  1
631  2
632  1
633  2
634  0
635  0
636  1
637  0
638  0
639  0
640  0
641  0
642  1
643  0
644  1
645  1
646  0
647  2
648  1
649  2
650  0
651  0
652  0
653  1
654  1
655  1
656  1
657  0
658  0
659  1
660  0
661  1
662  1
663  2
664  1
665  1
666  0
667  0
668  0
669  0
670  0
671  1
672  0
673  0
674  1
675  1
676  1
677  0
678  0
679  0
680  0
681  0
682  0
683  0
684  0
685  0
686  0
687  1
688  1
689  0
690  0
691  0
692  0
693  0
694  0
695  0
696  1
697  1
698  0
699  1
700  0
701  0
702  0
703  0
704  1
705  0
706  0
707  0
708  1
709  1
710  0
711  0
712  0
713  1
714  0
715  0
716  0
717  0
718  0
719  0
720  0
721  0
722  0
723  1
724  0
725  0
726  0
727  0
728  0
729  0
730  0
731  0
732  1
733  0
734  0
735  0
736  0
737  0
738  0
739  0
740  0
741  0
742  0
743  1
744  0
745  0
746  0
747  0
748  0
749  0
750  0
751  0
752  0
753  0
754  0
755  0
756  0
757  0
758  0
759  0
760  0
761  0
762  0
763  1
764  0
765  0
766  0
767  0
768  0
769  0
770  0
771  0
772  0
773  0
774  1
775  0
776  0
777  0
778  0
779  0
780  0
781  0
782  0
783  1
784  0
785  0
786  0
787  0
788  0
789  0
790  0
791  0
792  0
793  0
794  1
795  0
796  0
797  1
798  0
799  0
800  0
801  0
802  0
803  0
804  0
805  1
806  0
807  0
808  0
809  0
810  0
811  1
812  0
813  0
814  0
815  0
816  0
817  0
818  0
819  0
820  0
821  0
822  0
823  0
824  0
825  0
826  0
827  0
828  0
829  0
830  0
831  0
832  0
833  0
834  0
835  0
836  0
837  0
838  0
839  0
840  0
841  0
842  0
843  0
844  0
845  0
846  0
847  0
848  0
849  0
850  0
851  0
852  0
853  0
854  0
855  0
856  0
857  0
858  0
859  0
860  0
861  0
862  0
863  1
864  0
865  0
866  0
867  1
868  0
869  0
870  0
871  0
872  0
873  0
874  0
875  0
876  0
877  0
878  0
879  0
880  0
881  0
882  0
883  0
884  0
885  0
886  0
887  0
888  0
889  0
890  0
891  0
892  1
893  0
894  0
895  0
896  0
897  0
898  0
899  0
900  0
901  0
902  0
903  0
904  0
905  0
906  0
907  0
908  0
909  0
910  0
911  0
912  0
913  0
914  0
915  0
916  0
917  0
918  0
919  0
920  0
921  0
922  0
923  0
924  0
925  0
926  0
927  0
928  0
929  0
930  0
931  0
932  0
933  0
934  0
935  0
936  0
937  0
938  0
939  0
940  0
941  0
942  0
943  0
944  0
945  0
946  0
947  0
948  0
949  0
950  0
951  0
952  0
953  0
954  0
955  0
956  0
957  0
958  0
959  0
960  0
961  0
962  0
963  0
964  0
965  0
966  0
967  0
968  0
969  0
970  0
971  0
972  0
973  0
974  0
975  0
976  0
977  0
978  0
979  0
980  0
981  0
982  0
983  0
984  0
985  0
986  0
987  0
988  0
989  0
990  0
991  0
992  0
993  1
994  0
995  0
996  1
997  0
998  0
999  0
1000  0
1001  0
1002  0
1003  0
1004  0
1005  0
1006  0
1007  0
1008  0
1009  0
1010  0
1011  0
1012  1
1013  0
1014  0
1015  0
1016  0
1017  1
1018  1
1019  0
1020  0
1021  0
1022  0
1023  0
