0  0
1  0
2  0
3  0
4  0
5  0
6  0
7  0
8  0
9  0
10  0
11  0
12  0
13  0
14  0
15  6
16  6
17  5
18  9
19  10
20  3
21  12
22  14
23  7
24  7
25  6
26  9
27  8
28  17
29  11
30  10
31  8
32  8
33  8
34  14
35  6
36  10
37  8
38  11
39  3
40  9
41  15
42  6
43  11
44  5
45  7
46  7
47  9
48  10
49  9
50  7
51  8
52  13
53  11
54  5
55  9
56  8
57  8
58  12
59  5
60  12
61  6
62  5
63  10
64  7
65  14
66  12
67  7
68  15
69  9
70  11
71  7
72  8
73  5
74  16
75  14
76  6
77  29
78  182
79  246
80  247
81  221
82  226
83  242
84  193
85  193
86  237
87  222
88  220
89  189
90  181
91  194
92  168
93  159
94  161
95  164
96  160
97  171
98  155
99  130
100  135
101  155
102  120
103  140
104  124
105  116
106  91
107  104
108  97
109  101
110  91
111  95
112  93
113  82
114  67
115  85
116  72
117  74
118  65
119  66
120  66
121  67
122  72
123  54
124  70
125  90
126  81
127  84
128  69
129  79
130  81
131  89
132  108
133  133
134  127
135  136
136  151
137  151
138  151
139  177
140  179
141  208
142  183
143  229
144  179
145  221
146  174
147  217
148  208
149  221
150  179
151  196
152  161
153  169
154  137
155  120
156  127
157  119
158  99
159  84
160  78
161  75
162  71
163  55
164  66
165  46
166  50
167  43
168  48
169  40
170  39
171  44
172  39
173  45
174  38
175  32
176  36
177  35
178  35
179  23
180  30
181  36
182  30
183  29
184  30
185  27
186  26
187  23
188  26
189  20
190  24
191  24
192  21
193  17
194  23
195  31
196  24
197  19
198  18
199  36
200  23
201  26
202  28
203  17
204  34
205  23
206  26
207  24
208  21
209  35
210  21
211  20
212  24
213  23
214  14
215  22
216  17
217  23
218  14
219  19
220  27
221  23
222  21
223  26
224  36
225  22
226  30
227  23
228  28
229  30
230  17
231  17
232  19
233  18
234  23
235  18
236  20
237  26
238  28
239  12
240  21
241  29
242  28
243  20
244  16
245  23
246  18
247  20
248  27
249  25
250  12
251  27
252  23
253  21
254  17
255  22
256  29
257  14
258  23
259  25
260  22
261  19
262  26
263  21
264  19
265  22
266  23
267  16
268  26
269  26
270  30
271  20
272  11
273  20
274  15
275  16
276  17
277  22
278  14
279  17
280  16
281  20
282  25
283  11
284  14
285  13
286  13
287  14
288  11
289  13
290  12
291  13
292  16
293  13
294  12
295  9
296  10
297  8
298  8
299  10
300  7
301  7
302  15
303  7
304  13
305  12
306  11
307  14
308  9
309  13
310  10
311  13
312  11
313  16
314  9
315  12
316  20
317  24
318  16
319  16
320  16
321  23
322  22
323  19
324  22
325  22
326  21
327  12
328  18
329  24
330  32
331  17
332  19
333  25
334  25
335  22
336  26
337  24
338  34
339  27
340  19
341  22
342  20
343  18
344  35
345  21
346  18
347  22
348  20
349  19
350  22
351  18
352  26
353  15
354  16
355  10
356  12
357  14
358  12
359  14
360  14
361  11
362  12
363  12
364  14
365  12
366  9
367  7
368  8
369  9
370  11
371  12
372  3
373  10
374  6
375  10
376  9
377  7
378  10
379  5
380  10
381  7
382  9
383  7
384  7
385  9
386  12
387  8
388  13
389  7
390  2
391  7
392  2
393  7
394  7
395  8
396  4
397  8
398  4
399  4
400  3
401  7
402  4
403  3
404  3
405  8
406  4
407  2
408  2
409  3
410  2
411  3
412  3
413  2
414  1
415  4
416  4
417  1
418  1
419  2
420  2
421  2
422  1
423  1
424  0
425  4
426  2
427  4
428  2
429  1
430  3
431  1
432  6
433  3
434  4
435  2
436  3
437  4
438  2
439  0
440  4
441  5
442  2
443  0
444  1
445  3
446  1
447  1
448  2
449  2
450  3
451  3
452  1
453  0
454  1
455  1
456  2
457  1
458  0
459  2
460  0
461  0
462  1
463  0
464  3
465  1
466  1
467  0
468  1
469  1
470  3
471  1
472  3
473  1
474  1
475  2
476  1
477  4
478  0
479  2
480  3
481  2
482  1
483  0
484  2
485  1
486  3
487  0
488  2
489  3
490  1
491  0
492  0
493  0
494  2
495  2
496  0
497  0
498  2
499  2
500  1
501  0
502  1
503  2
504  0
505  0
506  2
507  3
508  1
509  1
510  2
511  0
512  1
513  1
514  2
515  2
516  0
517  2
518  1
519  3
520  3
521  0
522  1
523  1
524  0
525  1
526  0
527  1
528  0
529  1
530  0
531  0
532  0
533  0
534  2
535  0
536  2
537  0
538  1
539  1
540  0
541  1
542  0
543  0
544  1
545  0
546  1
547  1
548  1
549  0
550  3
551  0
552  0
553  0
554  2
555  1
556  1
557  2
558  0
559  0
560  1
561  0
562  0
563  0
564  1
565  1
566  1
567  1
568  2
569  0
570  1
571  1
572  2
573  1
574  0
575  2
576  1
577  0
578  0
579  2
580  0
581  0
582  0
583  1
584  1
585  1
586  1
587  0
588  1
589  0
590  1
591  1
592  0
593  1
594  0
595  0
596  2
597  1
598  0
599  0
600  0
601  2
602  2
603  0
604  1
605  0
606  1
607  1
608  0
609  2
610  1
611  2
612  1
613  1
614  1
615  2
616  1
617  0
618  0
619  0
620  0
621  0
622  0
623  1
624  0
625  1
626  1
627  1
628  1
629  0
630  0
631  1
632  1
633  0
634  0
635  0
636  1
637  0
638  1
639  0
640  1
641  0
642  0
643  0
644  0
645  0
646  0
647  1
648  1
649  0
650  0
651  2
652  0
653  2
654  2
655  3
656  0
657  1
658  1
659  1
660  0
661  1
662  0
663  1
664  0
665  0
666  0
667  0
668  0
669  1
670  1
671  0
672  0
673  1
674  0
675  0
676  0
677  1
678  1
679  0
680  1
681  0
682  0
683  2
684  0
685  1
686  1
687  0
688  0
689  0
690  0
691  0
692  1
693  0
694  1
695  0
696  0
697  0
698  1
699  0
700  0
701  1
702  0
703  0
704  0
705  0
706  0
707  0
708  0
709  1
710  1
711  0
712  0
713  0
714  0
715  0
716  1
717  0
718  1
719  0
720  0
721  0
722  1
723  1
724  0
725  2
726  1
727  0
728  0
729  0
730  0
731  0
732  1
733  0
734  0
735  0
736  0
737  0
738  0
739  0
740  0
741  0
742  0
743  0
744  0
745  0
746  0
747  1
748  0
749  0
750  0
751  0
752  0
753  0
754  0
755  0
756  0
757  0
758  0
759  1
760  0
761  0
762  0
763  1
764  0
765  0
766  0
767  1
768  0
769  1
770  0
771  0
772  0
773  1
774  0
775  0
776  1
777  0
778  0
779  0
780  0
781  0
782  0
783  0
784  0
785  1
786  0
787  0
788  0
789  1
790  0
791  0
792  0
793  0
794  0
795  0
796  0
797  0
798  0
799  0
800  0
801  0
802  0
803  1
804  0
805  0
806  0
807  0
808  0
809  1
810  0
811  0
812  0
813  0
814  0
815  1
816  0
817  0
818  0
819  0
820  0
821  0
822  0
823  0
824  0
825  0
826  0
827  0
828  0
829  0
830  0
831  0
832  0
833  0
834  0
835  0
836  0
837  0
838  0
839  0
840  0
841  0
842  0
843  0
844  0
845  0
846  0
847  0
848  0
849  0
850  0
851  0
852  0
853  0
854  0
855  0
856  0
857  0
858  0
859  0
860  0
861  0
862  0
863  0
864  0
865  1
866  0
867  0
868  0
869  0
870  0
871  0
872  0
873  0
874  0
875  0
876  0
877  0
878  0
879  0
880  0
881  0
882  0
883  0
884  1
885  0
886  0
887  0
888  0
889  0
890  0
891  0
892  1
893  0
894  0
895  0
896  0
897  0
898  0
899  0
900  0
901  0
902  0
903  0
904  0
905  0
906  0
907  0
908  0
909  0
910  0
911  0
912  0
913  0
914  0
915  0
916  0
917  0
918  0
919  0
920  0
921  0
922  0
923  0
924  0
925  0
926  0
927  0
928  0
929  0
930  0
931  0
932  0
933  0
934  0
935  0
936  0
937  0
938  0
939  0
940  0
941  0
942  0
943  0
944  0
945  0
946  0
947  0
948  0
949  0
950  0
951  0
952  0
953  0
954  0
955  0
956  0
957  0
958  0
959  0
960  0
961  0
962  0
963  0
964  0
965  0
966  0
967  0
968  0
969  0
970  1
971  0
972  0
973  0
974  0
975  0
976  0
977  0
978  0
979  0
980  0
981  1
982  0
983  0
984  0
985  1
986  1
987  0
988  0
989  0
990  0
991  0
992  0
993  0
994  0
995  0
996  0
997  0
998  0
999  0
1000  0
1001  0
1002  0
1003  0
1004  0
1005  0
1006  0
1007  0
1008  0
1009  0
1010  0
1011  0
1012  0
1013  0
1014  0
1015  0
1016  0
1017  0
1018  0
1019  0
1020  0
1021  0
1022  0
1023  0
