0  0
1  0
2  0
3  0
4  0
5  0
6  0
7  0
8  0
9  0
10  0
11  0
12  0
13  0
14  0
15  4
16  8
17  3
18  4
19  6
20  2
21  3
22  4
23  6
24  3
25  5
26  2
27  6
28  5
29  2
30  7
31  2
32  4
33  2
34  4
35  5
36  5
37  3
38  6
39  3
40  8
41  6
42  9
43  0
44  6
45  10
46  1
47  3
48  2
49  6
50  8
51  2
52  1
53  7
54  5
55  40
56  148
57  164
58  207
59  198
60  190
61  175
62  161
63  157
64  166
65  169
66  146
67  135
68  144
69  121
70  124
71  107
72  124
73  119
74  95
75  114
76  87
77  100
78  103
79  105
80  102
81  100
82  90
83  79
84  79
85  83
86  90
87  69
88  87
89  75
90  67
91  55
92  58
93  65
94  58
95  59
96  54
97  45
98  41
99  48
100  41
101  51
102  26
103  31
104  42
105  42
106  42
107  37
108  37
109  49
110  36
111  41
112  33
113  36
114  42
115  44
116  47
117  48
118  58
119  56
120  60
121  58
122  55
123  71
124  67
125  78
126  85
127  97
128  84
129  88
130  103
131  121
132  116
133  117
134  127
135  95
136  101
137  101
138  72
139  94
140  62
141  71
142  35
143  38
144  36
145  31
146  25
147  24
148  15
149  20
150  16
151  18
152  14
153  17
154  15
155  12
156  17
157  14
158  16
159  17
160  13
161  10
162  13
163  12
164  13
165  14
166  10
167  13
168  6
169  13
170  13
171  9
172  17
173  16
174  6
175  11
176  11
177  11
178  7
179  15
180  16
181  7
182  11
183  13
184  4
185  13
186  7
187  13
188  12
189  9
190  15
191  8
192  11
193  10
194  5
195  8
196  15
197  10
198  15
199  12
200  11
201  9
202  13
203  13
204  10
205  10
206  17
207  11
208  9
209  11
210  6
211  11
212  7
213  10
214  11
215  16
216  16
217  12
218  12
219  3
220  8
221  10
222  11
223  9
224  9
225  11
226  6
227  10
228  8
229  12
230  6
231  7
232  12
233  8
234  10
235  16
236  6
237  6
238  11
239  11
240  14
241  11
242  10
243  8
244  10
245  12
246  3
247  5
248  16
249  10
250  12
251  13
252  9
253  12
254  12
255  9
256  6
257  6
258  8
259  7
260  7
261  7
262  7
263  6
264  8
265  7
266  6
267  4
268  11
269  8
270  11
271  1
272  5
273  11
274  13
275  6
276  2
277  5
278  5
279  6
280  6
281  6
282  6
283  6
284  4
285  5
286  5
287  3
288  2
289  6
290  4
291  9
292  5
293  10
294  10
295  5
296  7
297  5
298  7
299  10
300  7
301  11
302  5
303  7
304  8
305  13
306  13
307  9
308  9
309  15
310  18
311  9
312  15
313  13
314  16
315  9
316  10
317  10
318  10
319  6
320  8
321  5
322  7
323  7
324  6
325  4
326  3
327  9
328  6
329  6
330  4
331  5
332  2
333  4
334  4
335  2
336  1
337  3
338  2
339  2
340  1
341  2
342  3
343  0
344  1
345  2
346  3
347  3
348  1
349  7
350  1
351  4
352  2
353  2
354  0
355  2
356  3
357  2
358  2
359  3
360  5
361  0
362  3
363  1
364  1
365  1
366  0
367  1
368  3
369  1
370  3
371  1
372  0
373  2
374  1
375  1
376  1
377  2
378  1
379  1
380  4
381  3
382  0
383  1
384  1
385  0
386  4
387  0
388  0
389  3
390  0
391  1
392  0
393  0
394  1
395  0
396  2
397  0
398  1
399  0
400  1
401  2
402  0
403  2
404  0
405  0
406  0
407  0
408  1
409  0
410  0
411  1
412  0
413  0
414  0
415  0
416  1
417  0
418  0
419  0
420  1
421  0
422  0
423  0
424  4
425  1
426  0
427  1
428  0
429  2
430  1
431  1
432  0
433  2
434  2
435  0
436  0
437  0
438  0
439  0
440  2
441  1
442  0
443  1
444  2
445  0
446  0
447  0
448  0
449  0
450  1
451  0
452  0
453  0
454  1
455  0
456  0
457  1
458  0
459  0
460  0
461  0
462  0
463  0
464  0
465  0
466  0
467  1
468  1
469  0
470  1
471  0
472  0
473  0
474  1
475  1
476  0
477  0
478  1
479  0
480  0
481  0
482  0
483  0
484  0
485  1
486  0
487  1
488  0
489  0
490  0
491  0
492  0
493  0
494  1
495  0
496  1
497  0
498  0
499  0
500  1
501  0
502  1
503  0
504  0
505  0
506  0
507  1
508  1
509  0
510  0
511  0
512  0
513  0
514  0
515  0
516  0
517  0
518  0
519  0
520  0
521  0
522  0
523  0
524  0
525  0
526  0
527  0
528  0
529  0
530  0
531  0
532  0
533  0
534  0
535  0
536  0
537  0
538  0
539  0
540  0
541  0
542  0
543  0
544  0
545  0
546  0
547  0
548  0
549  0
550  0
551  0
552  0
553  1
554  0
555  0
556  0
557  0
558  0
559  0
560  0
561  0
562  0
563  0
564  0
565  0
566  0
567  0
568  0
569  0
570  0
571  0
572  0
573  0
574  0
575  0
576  0
577  0
578  0
579  0
580  0
581  0
582  0
583  0
584  0
585  0
586  0
587  0
588  0
589  0
590  0
591  0
592  0
593  0
594  0
595  0
596  0
597  0
598  0
599  0
600  0
601  0
602  0
603  0
604  0
605  0
606  0
607  0
608  0
609  0
610  0
611  0
612  0
613  0
614  0
615  0
616  0
617  0
618  0
619  0
620  0
621  0
622  0
623  0
624  0
625  0
626  0
627  0
628  0
629  0
630  0
631  0
632  0
633  0
634  0
635  0
636  0
637  0
638  0
639  0
640  0
641  0
642  0
643  0
644  0
645  0
646  0
647  0
648  0
649  0
650  0
651  0
652  0
653  0
654  0
655  0
656  0
657  0
658  0
659  0
660  0
661  0
662  0
663  0
664  0
665  0
666  0
667  0
668  0
669  0
670  0
671  0
672  0
673  0
674  0
675  0
676  0
677  0
678  0
679  0
680  0
681  0
682  0
683  0
684  0
685  0
686  0
687  0
688  0
689  0
690  0
691  0
692  0
693  0
694  0
695  0
696  0
697  0
698  0
699  0
700  0
701  0
702  0
703  0
704  0
705  0
706  0
707  0
708  0
709  0
710  0
711  0
712  0
713  0
714  0
715  0
716  0
717  0
718  0
719  0
720  0
721  0
722  0
723  0
724  0
725  0
726  0
727  0
728  0
729  0
730  0
731  0
732  0
733  0
734  0
735  0
736  0
737  0
738  0
739  0
740  0
741  0
742  0
743  0
744  0
745  0
746  0
747  0
748  0
749  0
750  0
751  0
752  0
753  0
754  0
755  0
756  0
757  0
758  0
759  0
760  0
761  0
762  0
763  0
764  0
765  0
766  0
767  0
768  0
769  0
770  0
771  0
772  0
773  0
774  0
775  0
776  0
777  0
778  0
779  0
780  0
781  0
782  0
783  0
784  0
785  0
786  0
787  0
788  0
789  0
790  0
791  0
792  0
793  0
794  0
795  0
796  0
797  0
798  0
799  0
800  0
801  0
802  0
803  0
804  0
805  0
806  0
807  0
808  0
809  0
810  0
811  0
812  0
813  0
814  0
815  0
816  0
817  0
818  0
819  0
820  0
821  0
822  0
823  0
824  0
825  0
826  0
827  0
828  0
829  0
830  0
831  0
832  0
833  0
834  0
835  0
836  0
837  0
838  0
839  0
840  0
841  0
842  0
843  0
844  0
845  0
846  0
847  0
848  0
849  0
850  0
851  0
852  0
853  0
854  0
855  0
856  0
857  0
858  0
859  0
860  0
861  0
862  0
863  0
864  0
865  0
866  0
867  0
868  0
869  0
870  0
871  0
872  0
873  0
874  0
875  0
876  0
877  0
878  0
879  0
880  0
881  0
882  0
883  0
884  0
885  0
886  0
887  0
888  0
889  0
890  0
891  0
892  0
893  0
894  0
895  0
896  0
897  0
898  0
899  0
900  0
901  0
902  0
903  0
904  0
905  0
906  0
907  0
908  0
909  0
910  0
911  0
912  0
913  0
914  0
915  0
916  0
917  0
918  0
919  0
920  0
921  0
922  0
923  0
924  0
925  0
926  0
927  0
928  0
929  0
930  0
931  0
932  0
933  0
934  0
935  0
936  0
937  0
938  0
939  0
940  0
941  0
942  0
943  0
944  0
945  0
946  0
947  0
948  0
949  0
950  0
951  0
952  0
953  0
954  0
955  0
956  0
957  0
958  0
959  0
960  0
961  0
962  0
963  0
964  0
965  0
966  0
967  0
968  0
969  0
970  0
971  1
972  0
973  0
974  0
975  0
976  0
977  0
978  0
979  0
980  0
981  0
982  0
983  0
984  0
985  0
986  0
987  0
988  0
989  0
990  0
991  0
992  0
993  0
994  0
995  0
996  0
997  0
998  0
999  0
1000  0
1001  0
1002  0
1003  0
1004  0
1005  1
1006  0
1007  0
1008  0
1009  0
1010  0
1011  1
1012  0
1013  0
1014  0
1015  1
1016  0
1017  1
1018  1
1019  0
1020  0
1021  0
1022  0
1023  1
