0  0
1  0
2  0
3  0
4  0
5  0
6  0
7  0
8  0
9  0
10  0
11  0
12  0
13  0
14  0
15  4
16  9
17  7
18  6
19  3
20  4
21  7
22  3
23  5
24  4
25  8
26  5
27  9
28  7
29  12
30  6
31  4
32  7
33  9
34  9
35  6
36  3
37  3
38  4
39  6
40  9
41  4
42  6
43  6
44  5
45  8
46  11
47  7
48  7
49  5
50  3
51  6
52  7
53  8
54  11
55  6
56  5
57  12
58  3
59  7
60  8
61  6
62  13
63  7
64  9
65  9
66  13
67  6
68  9
69  5
70  6
71  7
72  5
73  8
74  6
75  7
76  4
77  20
78  199
79  265
80  243
81  236
82  252
83  211
84  221
85  202
86  217
87  204
88  178
89  195
90  175
91  173
92  171
93  159
94  176
95  169
96  164
97  148
98  153
99  151
100  148
101  134
102  131
103  121
104  133
105  120
106  113
107  88
108  121
109  106
110  101
111  86
112  94
113  81
114  97
115  84
116  78
117  93
118  75
119  70
120  79
121  80
122  67
123  75
124  57
125  76
126  85
127  65
128  78
129  90
130  104
131  92
132  107
133  122
134  119
135  135
136  175
137  151
138  166
139  205
140  187
141  187
142  206
143  229
144  205
145  206
146  200
147  184
148  197
149  181
150  184
151  152
152  147
153  132
154  150
155  102
156  103
157  90
158  96
159  88
160  70
161  70
162  69
163  59
164  48
165  50
166  45
167  56
168  53
169  45
170  41
171  38
172  38
173  54
174  37
175  42
176  23
177  42
178  36
179  35
180  28
181  29
182  31
183  22
184  26
185  19
186  36
187  33
188  31
189  20
190  15
191  26
192  20
193  19
194  23
195  31
196  22
197  27
198  20
199  33
200  23
201  18
202  17
203  20
204  25
205  21
206  34
207  27
208  20
209  31
210  22
211  19
212  23
213  30
214  15
215  22
216  15
217  20
218  22
219  21
220  27
221  23
222  17
223  18
224  15
225  20
226  21
227  16
228  15
229  23
230  20
231  19
232  20
233  23
234  25
235  24
236  14
237  33
238  21
239  18
240  23
241  24
242  21
243  21
244  15
245  24
246  23
247  24
248  39
249  22
250  22
251  19
252  24
253  23
254  17
255  26
256  26
257  25
258  30
259  20
260  16
261  26
262  20
263  17
264  14
265  25
266  21
267  11
268  20
269  17
270  20
271  20
272  18
273  16
274  22
275  13
276  14
277  24
278  19
279  16
280  23
281  18
282  18
283  13
284  14
285  13
286  13
287  9
288  10
289  14
290  10
291  11
292  10
293  7
294  14
295  16
296  15
297  11
298  12
299  17
300  11
301  13
302  11
303  9
304  16
305  14
306  10
307  8
308  11
309  11
310  8
311  9
312  9
313  14
314  10
315  16
316  14
317  16
318  14
319  20
320  17
321  17
322  23
323  26
324  17
325  28
326  15
327  24
328  18
329  27
330  25
331  24
332  24
333  32
334  33
335  23
336  28
337  28
338  21
339  29
340  29
341  25
342  16
343  23
344  21
345  20
346  15
347  8
348  24
349  10
350  14
351  18
352  13
353  12
354  15
355  21
356  11
357  17
358  9
359  14
360  9
361  9
362  13
363  11
364  10
365  20
366  11
367  9
368  5
369  7
370  5
371  12
372  9
373  8
374  16
375  6
376  8
377  6
378  7
379  7
380  15
381  6
382  6
383  5
384  8
385  7
386  12
387  8
388  5
389  4
390  8
391  5
392  11
393  5
394  9
395  7
396  7
397  5
398  5
399  3
400  6
401  5
402  2
403  5
404  2
405  5
406  6
407  4
408  5
409  1
410  0
411  0
412  5
413  1
414  0
415  2
416  1
417  3
418  4
419  3
420  3
421  5
422  2
423  3
424  0
425  5
426  1
427  2
428  3
429  2
430  1
431  2
432  1
433  0
434  2
435  1
436  2
437  2
438  5
439  0
440  2
441  1
442  2
443  3
444  1
445  2
446  5
447  2
448  5
449  1
450  3
451  2
452  2
453  1
454  2
455  1
456  4
457  2
458  2
459  2
460  0
461  2
462  2
463  2
464  0
465  1
466  1
467  1
468  3
469  0
470  2
471  3
472  3
473  3
474  1
475  2
476  2
477  1
478  1
479  5
480  1
481  2
482  2
483  0
484  1
485  1
486  3
487  3
488  0
489  3
490  4
491  2
492  0
493  1
494  0
495  1
496  2
497  0
498  1
499  0
500  2
501  2
502  3
503  2
504  0
505  1
506  0
507  1
508  1
509  2
510  3
511  1
512  2
513  2
514  0
515  0
516  1
517  0
518  2
519  0
520  0
521  3
522  0
523  1
524  1
525  1
526  1
527  3
528  2
529  0
530  0
531  2
532  3
533  3
534  2
535  1
536  0
537  1
538  0
539  0
540  2
541  0
542  0
543  0
544  0
545  2
546  1
547  2
548  1
549  0
550  0
551  2
552  0
553  0
554  0
555  0
556  0
557  2
558  0
559  2
560  0
561  2
562  1
563  2
564  1
565  0
566  0
567  0
568  1
569  0
570  2
571  1
572  0
573  1
574  0
575  1
576  0
577  0
578  1
579  2
580  0
581  1
582  3
583  0
584  2
585  1
586  2
587  0
588  0
589  1
590  0
591  1
592  1
593  1
594  0
595  0
596  0
597  0
598  3
599  0
600  0
601  1
602  1
603  1
604  1
605  1
606  1
607  1
608  1
609  0
610  1
611  0
612  0
613  1
614  0
615  0
616  0
617  0
618  0
619  1
620  1
621  0
622  0
623  0
624  1
625  0
626  0
627  0
628  0
629  0
630  1
631  0
632  0
633  0
634  0
635  0
636  0
637  0
638  1
639  0
640  0
641  2
642  1
643  0
644  0
645  0
646  0
647  0
648  0
649  0
650  1
651  1
652  1
653  2
654  0
655  0
656  0
657  0
658  0
659  2
660  0
661  0
662  1
663  0
664  0
665  0
666  0
667  1
668  1
669  0
670  1
671  1
672  0
673  2
674  0
675  1
676  0
677  2
678  2
679  2
680  1
681  0
682  0
683  1
684  0
685  2
686  0
687  0
688  0
689  0
690  0
691  0
692  0
693  0
694  1
695  0
696  0
697  0
698  0
699  0
700  0
701  0
702  0
703  1
704  0
705  0
706  1
707  1
708  0
709  0
710  0
711  0
712  0
713  0
714  0
715  2
716  0
717  0
718  0
719  0
720  0
721  0
722  0
723  0
724  0
725  1
726  0
727  0
728  0
729  0
730  0
731  0
732  0
733  0
734  0
735  0
736  1
737  1
738  0
739  0
740  0
741  0
742  0
743  0
744  0
745  0
746  0
747  0
748  0
749  0
750  0
751  0
752  0
753  0
754  0
755  0
756  0
757  0
758  0
759  0
760  0
761  0
762  0
763  1
764  0
765  0
766  0
767  0
768  0
769  0
770  0
771  0
772  0
773  0
774  0
775  0
776  0
777  0
778  0
779  0
780  0
781  0
782  0
783  0
784  0
785  0
786  0
787  0
788  0
789  0
790  0
791  0
792  0
793  0
794  1
795  0
796  0
797  0
798  0
799  0
800  0
801  0
802  0
803  0
804  0
805  0
806  0
807  0
808  0
809  0
810  1
811  0
812  0
813  0
814  0
815  1
816  0
817  0
818  0
819  0
820  0
821  0
822  0
823  0
824  0
825  0
826  0
827  0
828  0
829  1
830  0
831  0
832  0
833  0
834  0
835  0
836  0
837  0
838  0
839  0
840  0
841  1
842  0
843  0
844  0
845  0
846  1
847  0
848  0
849  0
850  0
851  0
852  0
853  0
854  0
855  0
856  0
857  1
858  0
859  0
860  0
861  0
862  0
863  0
864  0
865  0
866  0
867  0
868  0
869  0
870  0
871  0
872  0
873  0
874  0
875  0
876  0
877  0
878  0
879  0
880  0
881  0
882  0
883  0
884  0
885  0
886  0
887  0
888  0
889  0
890  0
891  0
892  0
893  0
894  0
895  0
896  0
897  0
898  0
899  0
900  0
901  0
902  0
903  0
904  0
905  0
906  0
907  0
908  0
909  0
910  0
911  0
912  0
913  0
914  0
915  0
916  0
917  0
918  0
919  0
920  0
921  0
922  0
923  0
924  0
925  0
926  0
927  0
928  0
929  0
930  0
931  0
932  0
933  0
934  0
935  0
936  0
937  0
938  0
939  0
940  0
941  0
942  0
943  0
944  0
945  0
946  0
947  0
948  0
949  0
950  0
951  0
952  0
953  0
954  0
955  0
956  0
957  0
958  0
959  0
960  0
961  0
962  0
963  0
964  0
965  0
966  0
967  0
968  0
969  0
970  0
971  0
972  0
973  0
974  0
975  1
976  0
977  0
978  0
979  0
980  0
981  0
982  0
983  0
984  0
985  0
986  0
987  1
988  0
989  0
990  0
991  0
992  0
993  0
994  0
995  0
996  0
997  0
998  0
999  0
1000  0
1001  0
1002  0
1003  0
1004  0
1005  0
1006  0
1007  0
1008  0
1009  0
1010  0
1011  0
1012  0
1013  0
1014  0
1015  0
1016  0
1017  0
1018  0
1019  0
1020  0
1021  0
1022  0
1023  0
