0  0
1  0
2  0
3  0
4  0
5  0
6  0
7  0
8  0
9  0
10  0
11  0
12  0
13  0
14  0
15  11
16  10
17  15
18  8
19  8
20  10
21  7
22  11
23  8
24  9
25  13
26  9
27  10
28  18
29  11
30  8
31  10
32  8
33  6
34  9
35  5
36  9
37  10
38  5
39  8
40  5
41  10
42  8
43  12
44  14
45  11
46  3
47  11
48  10
49  13
50  17
51  11
52  15
53  10
54  10
55  56
56  163
57  225
58  194
59  188
60  200
61  171
62  152
63  178
64  149
65  164
66  143
67  154
68  138
69  124
70  138
71  122
72  129
73  108
74  117
75  114
76  104
77  96
78  101
79  106
80  95
81  88
82  79
83  85
84  85
85  77
86  69
87  83
88  56
89  67
90  81
91  78
92  56
93  43
94  55
95  54
96  44
97  41
98  50
99  44
100  42
101  47
102  37
103  39
104  44
105  43
106  42
107  39
108  34
109  42
110  45
111  42
112  51
113  49
114  75
115  71
116  69
117  85
118  77
119  72
120  70
121  93
122  68
123  87
124  99
125  79
126  97
127  79
128  108
129  100
130  100
131  113
132  83
133  105
134  111
135  72
136  72
137  72
138  68
139  68
140  60
141  39
142  28
143  31
144  30
145  22
146  28
147  22
148  14
149  21
150  20
151  21
152  11
153  9
154  14
155  10
156  24
157  14
158  19
159  11
160  13
161  22
162  13
163  11
164  12
165  18
166  6
167  11
168  18
169  10
170  17
171  15
172  11
173  16
174  10
175  9
176  4
177  16
178  8
179  12
180  9
181  13
182  8
183  14
184  10
185  10
186  9
187  7
188  16
189  10
190  6
191  13
192  14
193  9
194  8
195  13
196  14
197  15
198  15
199  9
200  9
201  8
202  10
203  11
204  14
205  10
206  9
207  21
208  5
209  14
210  7
211  7
212  11
213  3
214  10
215  9
216  3
217  9
218  14
219  9
220  9
221  9
222  10
223  5
224  14
225  5
226  15
227  13
228  9
229  7
230  14
231  9
232  16
233  12
234  7
235  11
236  6
237  6
238  9
239  7
240  11
241  11
242  7
243  13
244  11
245  15
246  11
247  10
248  12
249  10
250  5
251  9
252  9
253  11
254  13
255  7
256  17
257  11
258  5
259  5
260  4
261  10
262  4
263  7
264  7
265  5
266  6
267  6
268  3
269  8
270  9
271  5
272  4
273  8
274  3
275  10
276  4
277  5
278  4
279  5
280  3
281  10
282  3
283  6
284  1
285  3
286  7
287  9
288  6
289  9
290  7
291  6
292  6
293  9
294  11
295  6
296  11
297  12
298  6
299  8
300  5
301  2
302  12
303  7
304  9
305  11
306  12
307  15
308  10
309  12
310  9
311  11
312  8
313  6
314  9
315  9
316  9
317  8
318  6
319  12
320  15
321  10
322  9
323  4
324  6
325  9
326  8
327  4
328  4
329  4
330  4
331  6
332  5
333  5
334  2
335  3
336  5
337  5
338  3
339  0
340  1
341  2
342  2
343  4
344  0
345  1
346  1
347  1
348  0
349  0
350  3
351  3
352  2
353  1
354  2
355  3
356  3
357  4
358  3
359  1
360  1
361  4
362  1
363  1
364  5
365  1
366  3
367  2
368  1
369  2
370  1
371  2
372  2
373  2
374  0
375  0
376  0
377  2
378  0
379  0
380  0
381  0
382  1
383  0
384  0
385  1
386  0
387  0
388  0
389  1
390  0
391  2
392  1
393  0
394  0
395  1
396  0
397  0
398  0
399  1
400  1
401  1
402  0
403  1
404  1
405  0
406  3
407  0
408  1
409  1
410  0
411  0
412  0
413  0
414  0
415  0
416  0
417  0
418  0
419  0
420  0
421  0
422  0
423  0
424  1
425  0
426  0
427  1
428  0
429  0
430  0
431  2
432  1
433  0
434  0
435  0
436  2
437  0
438  0
439  0
440  0
441  1
442  0
443  0
444  0
445  0
446  0
447  0
448  0
449  0
450  1
451  0
452  1
453  1
454  0
455  0
456  0
457  0
458  0
459  0
460  1
461  1
462  1
463  1
464  0
465  0
466  0
467  0
468  0
469  0
470  0
471  0
472  0
473  0
474  0
475  0
476  0
477  0
478  0
479  0
480  1
481  0
482  0
483  0
484  0
485  1
486  0
487  0
488  0
489  1
490  0
491  0
492  0
493  0
494  0
495  0
496  0
497  0
498  2
499  0
500  0
501  0
502  1
503  0
504  0
505  0
506  0
507  0
508  0
509  0
510  0
511  0
512  0
513  0
514  0
515  0
516  0
517  0
518  0
519  0
520  0
521  0
522  0
523  0
524  0
525  0
526  0
527  0
528  0
529  0
530  0
531  0
532  0
533  0
534  0
535  0
536  0
537  0
538  0
539  0
540  0
541  0
542  0
543  0
544  0
545  0
546  0
547  0
548  0
549  0
550  0
551  0
552  0
553  0
554  0
555  0
556  0
557  0
558  0
559  0
560  0
561  0
562  0
563  0
564  0
565  0
566  0
567  0
568  0
569  0
570  0
571  0
572  0
573  0
574  0
575  0
576  0
577  0
578  0
579  0
580  0
581  0
582  0
583  0
584  0
585  0
586  0
587  0
588  0
589  0
590  0
591  0
592  0
593  0
594  0
595  0
596  0
597  0
598  0
599  0
600  0
601  0
602  0
603  0
604  0
605  0
606  0
607  0
608  0
609  0
610  0
611  0
612  0
613  0
614  0
615  0
616  0
617  0
618  0
619  0
620  0
621  0
622  0
623  0
624  0
625  0
626  0
627  0
628  0
629  0
630  0
631  0
632  0
633  0
634  0
635  0
636  0
637  0
638  0
639  0
640  0
641  0
642  0
643  0
644  0
645  0
646  0
647  0
648  0
649  0
650  0
651  0
652  0
653  0
654  0
655  0
656  0
657  0
658  0
659  0
660  0
661  0
662  0
663  0
664  0
665  0
666  0
667  0
668  0
669  0
670  0
671  0
672  0
673  0
674  0
675  0
676  0
677  0
678  0
679  0
680  0
681  0
682  0
683  0
684  0
685  0
686  0
687  0
688  0
689  0
690  0
691  0
692  0
693  0
694  0
695  0
696  0
697  0
698  0
699  0
700  0
701  0
702  0
703  0
704  0
705  0
706  0
707  0
708  0
709  0
710  0
711  0
712  0
713  0
714  0
715  0
716  0
717  0
718  0
719  0
720  0
721  0
722  0
723  0
724  0
725  0
726  0
727  0
728  0
729  0
730  0
731  0
732  0
733  0
734  0
735  0
736  0
737  0
738  0
739  0
740  0
741  0
742  0
743  0
744  0
745  0
746  0
747  0
748  0
749  0
750  0
751  0
752  0
753  0
754  0
755  0
756  0
757  0
758  0
759  0
760  0
761  0
762  0
763  0
764  0
765  0
766  0
767  0
768  0
769  0
770  0
771  0
772  0
773  0
774  0
775  0
776  0
777  0
778  0
779  0
780  0
781  0
782  0
783  0
784  0
785  0
786  0
787  0
788  0
789  0
790  0
791  0
792  0
793  0
794  0
795  0
796  0
797  0
798  0
799  0
800  0
801  0
802  0
803  0
804  0
805  0
806  0
807  0
808  0
809  0
810  0
811  0
812  0
813  0
814  0
815  0
816  0
817  0
818  0
819  0
820  0
821  0
822  0
823  0
824  0
825  0
826  0
827  0
828  0
829  0
830  0
831  0
832  0
833  0
834  0
835  0
836  0
837  0
838  0
839  0
840  0
841  0
842  0
843  0
844  0
845  0
846  0
847  0
848  0
849  0
850  0
851  0
852  0
853  0
854  0
855  0
856  0
857  0
858  0
859  0
860  0
861  0
862  0
863  0
864  0
865  0
866  0
867  0
868  0
869  0
870  0
871  0
872  0
873  0
874  0
875  0
876  0
877  0
878  0
879  0
880  0
881  0
882  0
883  0
884  0
885  0
886  0
887  0
888  0
889  0
890  0
891  0
892  0
893  0
894  0
895  0
896  0
897  0
898  0
899  0
900  0
901  0
902  0
903  0
904  0
905  0
906  0
907  0
908  0
909  0
910  0
911  0
912  0
913  0
914  0
915  0
916  0
917  0
918  0
919  0
920  0
921  0
922  0
923  0
924  0
925  0
926  0
927  0
928  0
929  0
930  0
931  0
932  0
933  0
934  0
935  0
936  0
937  0
938  0
939  0
940  0
941  0
942  0
943  0
944  0
945  0
946  0
947  0
948  0
949  0
950  0
951  0
952  0
953  0
954  0
955  0
956  0
957  0
958  0
959  0
960  0
961  0
962  0
963  0
964  0
965  0
966  0
967  0
968  0
969  0
970  0
971  0
972  0
973  0
974  0
975  0
976  0
977  0
978  0
979  0
980  0
981  0
982  0
983  0
984  0
985  0
986  0
987  0
988  0
989  0
990  0
991  0
992  0
993  0
994  0
995  0
996  0
997  0
998  0
999  0
1000  0
1001  0
1002  0
1003  0
1004  0
1005  0
1006  0
1007  0
1008  1
1009  0
1010  0
1011  0
1012  1
1013  0
1014  0
1015  1
1016  0
1017  0
1018  0
1019  1
1020  0
1021  1
1022  0
1023  0
