0  0
1  0
2  0
3  0
4  0
5  0
6  0
7  0
8  0
9  0
10  0
11  0
12  0
13  0
14  0
15  1
16  1
17  1
18  1
19  2
20  0
21  2
22  2
23  0
24  3
25  1
26  0
27  1
28  0
29  1
30  2
31  1
32  0
33  1
34  1
35  1
36  1
37  0
38  1
39  2
40  0
41  2
42  2
43  2
44  1
45  0
46  1
47  4
48  1
49  0
50  4
51  1
52  1
53  0
54  1
55  1
56  1
57  1
58  0
59  3
60  1
61  2
62  1
63  4
64  1
65  3
66  0
67  0
68  1
69  1
70  4
71  1
72  2
73  1
74  2
75  1
76  0
77  16
78  149
79  255
80  246
81  223
82  203
83  231
84  213
85  189
86  185
87  225
88  160
89  180
90  154
91  179
92  161
93  151
94  163
95  178
96  166
97  143
98  143
99  147
100  128
101  143
102  107
103  114
104  104
105  128
106  97
107  111
108  105
109  99
110  104
111  92
112  85
113  74
114  72
115  92
116  74
117  71
118  76
119  68
120  67
121  80
122  75
123  81
124  79
125  91
126  101
127  70
128  70
129  78
130  97
131  98
132  111
133  98
134  124
135  137
136  140
137  151
138  147
139  178
140  196
141  178
142  168
143  203
144  197
145  228
146  213
147  212
148  204
149  182
150  191
151  161
152  140
153  147
154  128
155  126
156  101
157  87
158  100
159  73
160  81
161  78
162  64
163  55
164  50
165  56
166  44
167  34
168  46
169  37
170  47
171  44
172  36
173  33
174  41
175  34
176  31
177  30
178  35
179  36
180  31
181  31
182  25
183  27
184  20
185  27
186  27
187  36
188  24
189  23
190  32
191  26
192  26
193  26
194  24
195  27
196  25
197  19
198  20
199  34
200  17
201  26
202  21
203  17
204  28
205  27
206  25
207  22
208  26
209  30
210  20
211  24
212  23
213  30
214  22
215  20
216  17
217  19
218  27
219  26
220  28
221  23
222  23
223  26
224  23
225  24
226  32
227  20
228  38
229  17
230  25
231  14
232  22
233  29
234  25
235  23
236  22
237  26
238  17
239  16
240  20
241  14
242  25
243  21
244  23
245  28
246  20
247  23
248  16
249  17
250  21
251  19
252  21
253  26
254  22
255  20
256  16
257  18
258  21
259  23
260  25
261  13
262  23
263  18
264  20
265  25
266  19
267  20
268  16
269  18
270  15
271  16
272  21
273  17
274  20
275  27
276  18
277  21
278  16
279  11
280  17
281  15
282  16
283  17
284  16
285  13
286  14
287  11
288  9
289  11
290  17
291  15
292  8
293  9
294  16
295  14
296  7
297  8
298  17
299  15
300  9
301  18
302  12
303  11
304  13
305  9
306  9
307  15
308  11
309  16
310  7
311  18
312  11
313  8
314  12
315  8
316  13
317  5
318  12
319  15
320  25
321  18
322  19
323  12
324  27
325  15
326  23
327  24
328  24
329  21
330  25
331  27
332  29
333  22
334  27
335  29
336  24
337  21
338  24
339  27
340  24
341  23
342  19
343  25
344  18
345  12
346  13
347  16
348  15
349  20
350  22
351  20
352  18
353  16
354  9
355  9
356  11
357  17
358  5
359  15
360  11
361  11
362  15
363  14
364  8
365  14
366  8
367  5
368  5
369  12
370  7
371  5
372  11
373  10
374  4
375  8
376  9
377  5
378  6
379  9
380  6
381  7
382  8
383  6
384  9
385  6
386  7
387  10
388  9
389  8
390  9
391  7
392  5
393  12
394  7
395  6
396  5
397  9
398  7
399  3
400  3
401  4
402  5
403  10
404  3
405  6
406  5
407  2
408  5
409  3
410  2
411  3
412  3
413  2
414  2
415  3
416  2
417  1
418  4
419  1
420  3
421  3
422  2
423  3
424  0
425  0
426  6
427  0
428  5
429  2
430  3
431  3
432  0
433  0
434  2
435  0
436  1
437  2
438  1
439  5
440  4
441  2
442  2
443  2
444  0
445  0
446  0
447  1
448  4
449  6
450  2
451  3
452  3
453  2
454  0
455  5
456  3
457  2
458  1
459  2
460  3
461  0
462  1
463  1
464  3
465  0
466  1
467  2
468  0
469  0
470  4
471  1
472  3
473  1
474  1
475  5
476  1
477  1
478  2
479  0
480  2
481  2
482  2
483  1
484  1
485  1
486  1
487  0
488  0
489  1
490  2
491  2
492  1
493  2
494  1
495  3
496  3
497  1
498  1
499  2
500  0
501  2
502  1
503  2
504  2
505  0
506  0
507  1
508  1
509  0
510  2
511  1
512  0
513  0
514  1
515  0
516  1
517  2
518  0
519  1
520  0
521  1
522  0
523  2
524  0
525  3
526  2
527  1
528  1
529  1
530  0
531  0
532  0
533  1
534  3
535  0
536  0
537  0
538  0
539  0
540  0
541  0
542  2
543  3
544  1
545  1
546  1
547  1
548  1
549  1
550  1
551  1
552  2
553  0
554  0
555  2
556  1
557  1
558  1
559  1
560  0
561  2
562  1
563  2
564  1
565  0
566  0
567  0
568  1
569  1
570  0
571  3
572  0
573  1
574  1
575  1
576  2
577  0
578  0
579  1
580  2
581  0
582  1
583  2
584  3
585  2
586  0
587  2
588  0
589  1
590  1
591  1
592  0
593  1
594  1
595  0
596  1
597  0
598  0
599  0
600  0
601  0
602  0
603  1
604  0
605  0
606  0
607  2
608  0
609  0
610  0
611  0
612  0
613  0
614  1
615  1
616  1
617  0
618  0
619  0
620  0
621  1
622  0
623  0
624  1
625  0
626  1
627  0
628  0
629  0
630  0
631  0
632  1
633  1
634  1
635  1
636  0
637  1
638  1
639  0
640  0
641  0
642  1
643  1
644  1
645  3
646  0
647  0
648  0
649  0
650  1
651  0
652  2
653  1
654  0
655  0
656  0
657  0
658  0
659  0
660  0
661  3
662  0
663  1
664  0
665  0
666  0
667  1
668  0
669  0
670  0
671  0
672  0
673  0
674  0
675  0
676  1
677  0
678  0
679  3
680  0
681  1
682  0
683  0
684  0
685  0
686  1
687  0
688  2
689  0
690  0
691  0
692  0
693  0
694  0
695  0
696  0
697  0
698  0
699  0
700  1
701  0
702  0
703  0
704  1
705  0
706  0
707  0
708  0
709  0
710  0
711  2
712  1
713  0
714  0
715  0
716  0
717  0
718  1
719  0
720  0
721  0
722  0
723  0
724  0
725  0
726  0
727  0
728  0
729  0
730  0
731  0
732  0
733  1
734  0
735  0
736  0
737  0
738  1
739  0
740  0
741  0
742  0
743  0
744  0
745  0
746  0
747  0
748  0
749  0
750  0
751  0
752  0
753  0
754  0
755  0
756  0
757  0
758  0
759  0
760  0
761  0
762  0
763  0
764  0
765  0
766  0
767  0
768  0
769  0
770  0
771  1
772  0
773  0
774  0
775  0
776  0
777  0
778  0
779  0
780  0
781  0
782  0
783  0
784  0
785  0
786  0
787  0
788  0
789  0
790  0
791  0
792  0
793  0
794  0
795  0
796  0
797  0
798  0
799  0
800  0
801  0
802  0
803  0
804  0
805  1
806  0
807  0
808  0
809  0
810  0
811  0
812  0
813  0
814  0
815  0
816  0
817  0
818  0
819  0
820  0
821  0
822  0
823  0
824  0
825  0
826  0
827  0
828  0
829  0
830  0
831  0
832  0
833  1
834  0
835  1
836  0
837  0
838  0
839  0
840  0
841  0
842  0
843  1
844  0
845  0
846  0
847  0
848  0
849  0
850  0
851  0
852  0
853  0
854  0
855  0
856  0
857  0
858  0
859  0
860  0
861  0
862  0
863  0
864  0
865  0
866  0
867  0
868  0
869  0
870  0
871  0
872  0
873  1
874  0
875  1
876  0
877  0
878  0
879  0
880  0
881  0
882  0
883  0
884  0
885  0
886  0
887  0
888  0
889  0
890  0
891  0
892  0
893  1
894  0
895  0
896  0
897  0
898  0
899  1
900  0
901  0
902  0
903  0
904  0
905  0
906  0
907  0
908  0
909  0
910  0
911  0
912  0
913  0
914  0
915  0
916  0
917  0
918  0
919  0
920  0
921  0
922  0
923  0
924  0
925  0
926  0
927  0
928  0
929  0
930  0
931  0
932  0
933  0
934  0
935  0
936  0
937  0
938  0
939  0
940  0
941  0
942  0
943  0
944  0
945  0
946  0
947  0
948  0
949  0
950  0
951  0
952  0
953  0
954  0
955  0
956  0
957  0
958  0
959  0
960  0
961  0
962  0
963  0
964  0
965  0
966  0
967  0
968  0
969  0
970  0
971  0
972  0
973  0
974  0
975  0
976  0
977  0
978  0
979  0
980  0
981  0
982  0
983  0
984  0
985  0
986  0
987  0
988  0
989  0
990  0
991  0
992  0
993  0
994  0
995  0
996  0
997  0
998  0
999  0
1000  0
1001  0
1002  0
1003  0
1004  0
1005  0
1006  0
1007  0
1008  0
1009  0
1010  0
1011  0
1012  0
1013  1
1014  0
1015  0
1016  0
1017  1
1018  1
1019  0
1020  0
1021  0
1022  0
1023  1
