0  0
1  0
2  0
3  0
4  0
5  0
6  0
7  0
8  0
9  0
10  0
11  0
12  0
13  0
14  0
15  1
16  0
17  0
18  0
19  0
20  0
21  2
22  1
23  2
24  2
25  0
26  0
27  0
28  1
29  1
30  0
31  0
32  2
33  2
34  1
35  0
36  0
37  1
38  3
39  1
40  0
41  1
42  0
43  0
44  1
45  1
46  1
47  1
48  0
49  0
50  5
51  1
52  1
53  1
54  11
55  34
56  96
57  173
58  188
59  200
60  175
61  189
62  181
63  200
64  145
65  156
66  128
67  159
68  136
69  132
70  145
71  114
72  137
73  117
74  119
75  113
76  103
77  106
78  78
79  100
80  79
81  94
82  95
83  80
84  97
85  84
86  71
87  84
88  74
89  67
90  58
91  63
92  61
93  63
94  62
95  55
96  57
97  65
98  43
99  39
100  29
101  44
102  32
103  36
104  44
105  32
106  30
107  41
108  36
109  40
110  40
111  30
112  45
113  27
114  34
115  29
116  29
117  41
118  36
119  46
120  53
121  40
122  59
123  53
124  69
125  76
126  76
127  94
128  90
129  112
130  114
131  118
132  129
133  122
134  147
135  110
136  105
137  129
138  101
139  82
140  72
141  74
142  67
143  46
144  45
145  30
146  38
147  27
148  21
149  26
150  27
151  14
152  17
153  14
154  20
155  22
156  10
157  14
158  11
159  18
160  19
161  18
162  11
163  16
164  14
165  9
166  7
167  10
168  6
169  11
170  12
171  11
172  7
173  9
174  9
175  10
176  13
177  13
178  8
179  12
180  11
181  7
182  11
183  7
184  11
185  20
186  8
187  12
188  9
189  9
190  10
191  11
192  7
193  8
194  11
195  13
196  14
197  7
198  10
199  13
200  9
201  10
202  5
203  13
204  14
205  5
206  12
207  15
208  7
209  10
210  8
211  11
212  8
213  12
214  9
215  8
216  13
217  6
218  16
219  13
220  16
221  12
222  11
223  12
224  8
225  10
226  10
227  11
228  13
229  18
230  11
231  9
232  12
233  11
234  7
235  10
236  5
237  10
238  9
239  8
240  8
241  8
242  4
243  12
244  15
245  9
246  7
247  8
248  11
249  11
250  4
251  16
252  6
253  9
254  7
255  13
256  11
257  7
258  2
259  10
260  7
261  12
262  8
263  9
264  9
265  6
266  7
267  11
268  2
269  9
270  6
271  7
272  6
273  7
274  7
275  4
276  10
277  4
278  6
279  5
280  4
281  3
282  7
283  3
284  3
285  7
286  7
287  2
288  4
289  10
290  5
291  6
292  3
293  6
294  2
295  8
296  2
297  6
298  10
299  7
300  12
301  10
302  9
303  7
304  7
305  9
306  8
307  8
308  12
309  12
310  7
311  4
312  13
313  7
314  14
315  8
316  12
317  11
318  9
319  7
320  12
321  6
322  8
323  6
324  10
325  8
326  11
327  9
328  4
329  7
330  7
331  6
332  7
333  6
334  4
335  1
336  4
337  2
338  4
339  3
340  2
341  3
342  3
343  3
344  1
345  1
346  1
347  2
348  2
349  5
350  3
351  2
352  5
353  3
354  2
355  2
356  6
357  2
358  2
359  4
360  5
361  3
362  1
363  3
364  2
365  0
366  2
367  4
368  0
369  1
370  2
371  0
372  3
373  2
374  0
375  1
376  1
377  2
378  3
379  0
380  0
381  1
382  1
383  1
384  0
385  2
386  0
387  0
388  1
389  1
390  3
391  2
392  1
393  2
394  2
395  0
396  0
397  0
398  1
399  1
400  0
401  2
402  2
403  1
404  2
405  1
406  0
407  0
408  0
409  1
410  0
411  1
412  0
413  1
414  0
415  1
416  0
417  1
418  1
419  0
420  1
421  2
422  0
423  1
424  0
425  0
426  0
427  0
428  1
429  0
430  2
431  0
432  0
433  0
434  1
435  0
436  0
437  0
438  0
439  0
440  0
441  0
442  1
443  1
444  0
445  0
446  1
447  0
448  0
449  0
450  3
451  0
452  0
453  1
454  0
455  1
456  1
457  0
458  0
459  0
460  0
461  0
462  0
463  0
464  0
465  0
466  0
467  0
468  1
469  1
470  1
471  0
472  0
473  0
474  0
475  0
476  1
477  0
478  0
479  1
480  1
481  0
482  0
483  0
484  0
485  0
486  2
487  0
488  1
489  0
490  0
491  0
492  1
493  1
494  0
495  0
496  0
497  1
498  0
499  0
500  1
501  0
502  0
503  1
504  0
505  0
506  0
507  0
508  1
509  0
510  0
511  0
512  0
513  0
514  0
515  0
516  0
517  0
518  0
519  0
520  0
521  0
522  0
523  0
524  0
525  0
526  0
527  0
528  0
529  0
530  0
531  0
532  0
533  0
534  0
535  0
536  0
537  0
538  0
539  0
540  0
541  0
542  0
543  0
544  0
545  0
546  0
547  0
548  0
549  0
550  0
551  0
552  0
553  0
554  0
555  0
556  0
557  0
558  0
559  0
560  1
561  0
562  0
563  0
564  0
565  0
566  0
567  0
568  0
569  0
570  0
571  0
572  0
573  0
574  0
575  0
576  0
577  0
578  0
579  0
580  0
581  0
582  0
583  0
584  0
585  0
586  0
587  0
588  0
589  0
590  0
591  0
592  0
593  0
594  0
595  0
596  0
597  0
598  0
599  0
600  0
601  0
602  0
603  0
604  0
605  0
606  0
607  0
608  0
609  0
610  0
611  0
612  0
613  0
614  0
615  0
616  0
617  0
618  0
619  0
620  0
621  0
622  0
623  0
624  0
625  0
626  0
627  0
628  0
629  0
630  0
631  0
632  0
633  0
634  0
635  0
636  0
637  0
638  0
639  0
640  0
641  0
642  0
643  0
644  0
645  0
646  0
647  0
648  0
649  0
650  0
651  0
652  0
653  0
654  0
655  0
656  0
657  0
658  0
659  0
660  0
661  0
662  0
663  0
664  0
665  0
666  0
667  0
668  0
669  0
670  0
671  0
672  0
673  0
674  0
675  0
676  0
677  0
678  0
679  0
680  0
681  0
682  0
683  0
684  0
685  0
686  0
687  0
688  0
689  0
690  0
691  0
692  0
693  0
694  0
695  0
696  0
697  0
698  0
699  0
700  0
701  0
702  0
703  0
704  0
705  0
706  0
707  0
708  0
709  0
710  0
711  0
712  0
713  0
714  0
715  0
716  0
717  0
718  0
719  0
720  0
721  0
722  0
723  0
724  0
725  0
726  0
727  0
728  0
729  0
730  0
731  0
732  0
733  0
734  0
735  0
736  0
737  0
738  0
739  0
740  0
741  0
742  0
743  0
744  0
745  0
746  0
747  0
748  0
749  0
750  0
751  0
752  0
753  0
754  0
755  0
756  0
757  0
758  0
759  0
760  0
761  0
762  0
763  0
764  0
765  0
766  0
767  0
768  0
769  0
770  0
771  0
772  0
773  0
774  0
775  0
776  0
777  0
778  0
779  0
780  0
781  0
782  0
783  0
784  0
785  0
786  0
787  0
788  0
789  0
790  0
791  0
792  0
793  0
794  0
795  0
796  0
797  0
798  0
799  0
800  0
801  0
802  0
803  0
804  0
805  0
806  0
807  0
808  0
809  0
810  0
811  0
812  0
813  0
814  0
815  0
816  0
817  0
818  0
819  0
820  0
821  0
822  0
823  0
824  0
825  0
826  0
827  0
828  0
829  0
830  0
831  0
832  0
833  0
834  0
835  0
836  0
837  0
838  0
839  0
840  0
841  0
842  0
843  0
844  0
845  0
846  0
847  0
848  0
849  0
850  0
851  0
852  0
853  0
854  0
855  0
856  0
857  0
858  0
859  0
860  0
861  0
862  0
863  0
864  0
865  0
866  0
867  0
868  0
869  0
870  0
871  0
872  0
873  0
874  0
875  0
876  0
877  0
878  0
879  0
880  0
881  0
882  0
883  0
884  0
885  0
886  0
887  0
888  0
889  0
890  0
891  0
892  0
893  0
894  0
895  0
896  0
897  0
898  0
899  0
900  0
901  0
902  0
903  0
904  0
905  0
906  0
907  0
908  0
909  0
910  0
911  0
912  0
913  0
914  0
915  0
916  0
917  0
918  0
919  0
920  0
921  0
922  0
923  0
924  0
925  0
926  0
927  0
928  0
929  0
930  0
931  0
932  0
933  0
934  0
935  0
936  0
937  0
938  0
939  0
940  0
941  0
942  0
943  0
944  0
945  0
946  0
947  0
948  0
949  0
950  0
951  0
952  0
953  0
954  0
955  0
956  0
957  0
958  0
959  0
960  0
961  0
962  0
963  0
964  0
965  0
966  0
967  0
968  0
969  0
970  0
971  0
972  0
973  0
974  0
975  0
976  0
977  0
978  0
979  1
980  0
981  0
982  0
983  0
984  0
985  0
986  0
987  0
988  0
989  0
990  0
991  0
992  0
993  0
994  0
995  0
996  0
997  0
998  0
999  1
1000  1
1001  0
1002  0
1003  0
1004  0
1005  0
1006  0
1007  0
1008  0
1009  0
1010  1
1011  0
1012  0
1013  0
1014  0
1015  0
1016  0
1017  0
1018  0
1019  0
1020  0
1021  0
1022  1
1023  1
