0  0
1  0
2  0
3  0
4  0
5  0
6  0
7  0
8  0
9  0
10  0
11  0
12  0
13  0
14  0
15  19
16  13
17  13
18  15
19  16
20  16
21  13
22  9
23  10
24  14
25  14
26  16
27  18
28  12
29  15
30  14
31  11
32  5
33  10
34  19
35  13
36  8
37  13
38  21
39  8
40  12
41  15
42  13
43  20
44  10
45  16
46  13
47  13
48  15
49  15
50  15
51  12
52  20
53  12
54  41
55  130
56  191
57  196
58  193
59  225
60  206
61  175
62  152
63  180
64  146
65  171
66  160
67  135
68  138
69  124
70  125
71  123
72  118
73  115
74  111
75  124
76  102
77  97
78  111
79  95
80  107
81  103
82  75
83  82
84  74
85  76
86  65
87  60
88  67
89  61
90  68
91  63
92  68
93  58
94  60
95  62
96  39
97  54
98  55
99  53
100  43
101  50
102  45
103  37
104  46
105  38
106  48
107  45
108  39
109  51
110  49
111  53
112  56
113  60
114  72
115  77
116  88
117  81
118  86
119  97
120  108
121  84
122  83
123  97
124  83
125  85
126  78
127  58
128  89
129  87
130  78
131  76
132  89
133  70
134  77
135  78
136  53
137  51
138  54
139  41
140  38
141  37
142  33
143  33
144  20
145  22
146  16
147  15
148  18
149  12
150  18
151  11
152  16
153  14
154  18
155  16
156  11
157  11
158  17
159  16
160  15
161  10
162  10
163  14
164  5
165  10
166  15
167  12
168  14
169  11
170  16
171  6
172  12
173  11
174  10
175  11
176  10
177  14
178  14
179  12
180  11
181  10
182  10
183  9
184  6
185  13
186  8
187  15
188  10
189  16
190  13
191  9
192  20
193  11
194  9
195  9
196  12
197  15
198  15
199  18
200  12
201  14
202  13
203  9
204  7
205  15
206  11
207  11
208  7
209  9
210  16
211  9
212  14
213  12
214  10
215  8
216  7
217  9
218  11
219  3
220  12
221  14
222  11
223  16
224  9
225  12
226  12
227  11
228  13
229  10
230  14
231  11
232  14
233  8
234  8
235  9
236  9
237  9
238  8
239  9
240  11
241  13
242  5
243  6
244  9
245  14
246  9
247  14
248  8
249  16
250  12
251  7
252  8
253  8
254  8
255  9
256  7
257  18
258  7
259  13
260  6
261  8
262  8
263  12
264  6
265  6
266  11
267  4
268  9
269  5
270  4
271  5
272  4
273  8
274  4
275  4
276  3
277  9
278  4
279  3
280  10
281  9
282  8
283  6
284  6
285  6
286  0
287  6
288  13
289  7
290  10
291  5
292  7
293  6
294  5
295  8
296  7
297  8
298  11
299  5
300  12
301  8
302  10
303  10
304  5
305  13
306  9
307  14
308  14
309  16
310  13
311  4
312  10
313  8
314  9
315  13
316  6
317  6
318  6
319  8
320  13
321  8
322  3
323  6
324  6
325  9
326  7
327  3
328  5
329  3
330  4
331  1
332  6
333  1
334  3
335  3
336  1
337  2
338  3
339  3
340  1
341  1
342  2
343  2
344  4
345  2
346  3
347  1
348  4
349  2
350  1
351  2
352  2
353  1
354  1
355  3
356  0
357  2
358  5
359  2
360  3
361  2
362  1
363  2
364  1
365  2
366  1
367  1
368  0
369  2
370  1
371  3
372  0
373  0
374  1
375  3
376  0
377  2
378  2
379  2
380  1
381  0
382  1
383  2
384  1
385  0
386  3
387  0
388  1
389  0
390  0
391  1
392  0
393  1
394  0
395  0
396  0
397  1
398  1
399  2
400  0
401  0
402  1
403  0
404  0
405  0
406  1
407  0
408  0
409  1
410  1
411  0
412  1
413  0
414  1
415  1
416  1
417  1
418  2
419  0
420  0
421  0
422  3
423  2
424  0
425  1
426  0
427  2
428  0
429  1
430  0
431  1
432  1
433  1
434  0
435  0
436  0
437  0
438  0
439  1
440  0
441  1
442  0
443  2
444  0
445  2
446  0
447  0
448  0
449  0
450  1
451  0
452  0
453  0
454  0
455  1
456  1
457  1
458  0
459  0
460  0
461  0
462  0
463  0
464  0
465  0
466  0
467  1
468  0
469  0
470  0
471  0
472  0
473  0
474  2
475  0
476  0
477  0
478  1
479  1
480  0
481  0
482  0
483  1
484  2
485  0
486  0
487  0
488  0
489  0
490  0
491  1
492  0
493  0
494  0
495  0
496  0
497  1
498  0
499  0
500  0
501  0
502  1
503  1
504  0
505  0
506  0
507  0
508  0
509  0
510  0
511  0
512  0
513  0
514  0
515  0
516  0
517  0
518  0
519  0
520  0
521  0
522  0
523  0
524  0
525  0
526  0
527  0
528  0
529  0
530  0
531  0
532  0
533  0
534  0
535  0
536  0
537  0
538  0
539  0
540  0
541  0
542  0
543  0
544  0
545  0
546  0
547  0
548  0
549  0
550  0
551  0
552  1
553  0
554  0
555  0
556  0
557  0
558  0
559  0
560  0
561  0
562  0
563  0
564  0
565  0
566  0
567  0
568  0
569  0
570  0
571  0
572  0
573  0
574  0
575  0
576  0
577  0
578  0
579  0
580  0
581  0
582  0
583  0
584  0
585  0
586  0
587  0
588  0
589  0
590  0
591  0
592  0
593  0
594  0
595  0
596  0
597  0
598  0
599  0
600  0
601  0
602  0
603  0
604  0
605  0
606  0
607  0
608  0
609  0
610  0
611  0
612  0
613  0
614  0
615  0
616  0
617  0
618  0
619  0
620  0
621  0
622  0
623  0
624  0
625  0
626  0
627  0
628  0
629  0
630  0
631  0
632  0
633  0
634  0
635  0
636  0
637  0
638  0
639  0
640  0
641  0
642  0
643  0
644  0
645  0
646  0
647  0
648  0
649  0
650  0
651  0
652  0
653  0
654  0
655  0
656  0
657  0
658  0
659  0
660  0
661  0
662  0
663  0
664  0
665  0
666  0
667  0
668  0
669  0
670  0
671  0
672  0
673  0
674  0
675  0
676  0
677  0
678  0
679  0
680  0
681  0
682  0
683  0
684  0
685  0
686  0
687  0
688  0
689  0
690  0
691  0
692  0
693  0
694  0
695  0
696  0
697  0
698  0
699  0
700  0
701  0
702  0
703  0
704  0
705  0
706  0
707  0
708  0
709  0
710  0
711  0
712  0
713  0
714  0
715  0
716  0
717  0
718  0
719  0
720  0
721  0
722  0
723  0
724  0
725  0
726  0
727  0
728  0
729  0
730  0
731  0
732  0
733  0
734  0
735  0
736  0
737  0
738  0
739  0
740  0
741  0
742  0
743  0
744  0
745  0
746  0
747  0
748  0
749  0
750  0
751  0
752  0
753  0
754  0
755  0
756  0
757  0
758  0
759  0
760  0
761  0
762  0
763  0
764  0
765  0
766  0
767  0
768  0
769  0
770  0
771  0
772  0
773  0
774  0
775  0
776  0
777  0
778  0
779  0
780  0
781  0
782  0
783  0
784  0
785  0
786  0
787  0
788  0
789  0
790  0
791  0
792  0
793  0
794  0
795  0
796  0
797  0
798  0
799  0
800  0
801  0
802  0
803  0
804  0
805  0
806  0
807  0
808  0
809  0
810  0
811  0
812  0
813  0
814  0
815  0
816  0
817  0
818  0
819  0
820  0
821  0
822  0
823  0
824  0
825  0
826  0
827  0
828  0
829  0
830  0
831  0
832  0
833  0
834  0
835  0
836  0
837  0
838  0
839  0
840  0
841  0
842  0
843  0
844  0
845  0
846  0
847  0
848  0
849  0
850  0
851  0
852  0
853  0
854  0
855  0
856  0
857  0
858  0
859  0
860  0
861  0
862  0
863  0
864  0
865  0
866  0
867  0
868  0
869  0
870  0
871  0
872  0
873  0
874  0
875  0
876  0
877  0
878  0
879  0
880  0
881  0
882  0
883  0
884  0
885  0
886  0
887  0
888  0
889  0
890  0
891  0
892  0
893  0
894  0
895  0
896  0
897  0
898  0
899  0
900  0
901  0
902  0
903  0
904  0
905  0
906  0
907  0
908  0
909  0
910  0
911  0
912  0
913  0
914  0
915  0
916  0
917  0
918  0
919  0
920  0
921  0
922  0
923  0
924  0
925  0
926  0
927  0
928  0
929  0
930  0
931  0
932  0
933  0
934  0
935  0
936  0
937  0
938  0
939  0
940  0
941  0
942  0
943  0
944  0
945  0
946  0
947  0
948  0
949  0
950  0
951  0
952  0
953  0
954  0
955  0
956  0
957  0
958  0
959  0
960  0
961  0
962  0
963  0
964  0
965  0
966  0
967  0
968  0
969  0
970  0
971  0
972  0
973  0
974  0
975  0
976  0
977  0
978  0
979  0
980  0
981  0
982  0
983  0
984  1
985  0
986  0
987  0
988  0
989  0
990  0
991  0
992  0
993  0
994  0
995  0
996  0
997  0
998  0
999  0
1000  0
1001  0
1002  0
1003  0
1004  0
1005  0
1006  0
1007  0
1008  1
1009  0
1010  1
1011  0
1012  0
1013  0
1014  0
1015  1
1016  0
1017  0
1018  0
1019  0
1020  0
1021  0
1022  0
1023  0
