0  0
1  0
2  0
3  0
4  0
5  0
6  0
7  0
8  0
9  0
10  0
11  0
12  0
13  0
14  0
15  15
16  15
17  17
18  23
19  9
20  11
21  17
22  9
23  13
24  14
25  10
26  16
27  11
28  10
29  13
30  13
31  18
32  10
33  15
34  14
35  11
36  12
37  16
38  15
39  18
40  20
41  13
42  16
43  14
44  11
45  15
46  29
47  12
48  19
49  11
50  11
51  21
52  11
53  12
54  19
55  17
56  14
57  22
58  72
59  161
60  179
61  202
62  180
63  169
64  194
65  187
66  158
67  166
68  143
69  143
70  148
71  130
72  149
73  120
74  121
75  123
76  106
77  121
78  86
79  130
80  97
81  100
82  88
83  90
84  79
85  86
86  96
87  85
88  78
89  73
90  75
91  75
92  64
93  65
94  55
95  56
96  63
97  60
98  36
99  45
100  46
101  43
102  50
103  42
104  54
105  42
106  56
107  40
108  42
109  35
110  39
111  38
112  32
113  37
114  48
115  37
116  36
117  46
118  49
119  52
120  47
121  74
122  73
123  69
124  75
125  76
126  81
127  69
128  79
129  79
130  106
131  75
132  80
133  79
134  83
135  74
136  70
137  73
138  88
139  81
140  78
141  87
142  74
143  76
144  68
145  69
146  49
147  71
148  48
149  43
150  42
151  34
152  27
153  19
154  25
155  17
156  19
157  23
158  20
159  25
160  14
161  15
162  14
163  19
164  14
165  9
166  16
167  12
168  10
169  19
170  12
171  15
172  12
173  10
174  9
175  13
176  4
177  10
178  10
179  9
180  11
181  11
182  9
183  15
184  13
185  14
186  11
187  18
188  11
189  13
190  11
191  8
192  6
193  16
194  9
195  8
196  16
197  12
198  14
199  11
200  13
201  7
202  13
203  11
204  14
205  11
206  5
207  5
208  11
209  11
210  12
211  13
212  7
213  11
214  9
215  7
216  7
217  13
218  12
219  15
220  15
221  6
222  16
223  8
224  1
225  12
226  10
227  13
228  8
229  18
230  13
231  11
232  13
233  7
234  6
235  13
236  11
237  17
238  10
239  7
240  11
241  5
242  9
243  13
244  9
245  8
246  12
247  13
248  5
249  10
250  7
251  14
252  13
253  10
254  11
255  9
256  9
257  10
258  5
259  12
260  5
261  7
262  5
263  8
264  10
265  12
266  5
267  13
268  7
269  9
270  7
271  11
272  6
273  11
274  7
275  7
276  10
277  6
278  8
279  9
280  8
281  5
282  9
283  3
284  10
285  5
286  5
287  6
288  5
289  1
290  7
291  8
292  6
293  7
294  7
295  5
296  2
297  6
298  3
299  2
300  7
301  4
302  3
303  5
304  3
305  5
306  2
307  3
308  3
309  5
310  7
311  4
312  3
313  5
314  2
315  5
316  8
317  8
318  8
319  10
320  10
321  9
322  9
323  7
324  11
325  11
326  13
327  9
328  12
329  6
330  5
331  10
332  7
333  14
334  13
335  12
336  12
337  16
338  10
339  12
340  6
341  7
342  10
343  5
344  9
345  7
346  7
347  2
348  6
349  3
350  5
351  5
352  6
353  5
354  3
355  4
356  3
357  4
358  4
359  2
360  2
361  4
362  2
363  1
364  1
365  1
366  4
367  1
368  2
369  2
370  8
371  3
372  3
373  3
374  0
375  3
376  2
377  5
378  4
379  7
380  3
381  5
382  2
383  2
384  4
385  3
386  0
387  3
388  0
389  0
390  0
391  0
392  3
393  3
394  1
395  2
396  3
397  1
398  0
399  0
400  0
401  1
402  1
403  2
404  0
405  1
406  1
407  0
408  0
409  3
410  2
411  0
412  1
413  0
414  1
415  1
416  1
417  0
418  0
419  0
420  1
421  0
422  0
423  2
424  0
425  1
426  1
427  0
428  0
429  0
430  0
431  1
432  0
433  0
434  1
435  1
436  1
437  0
438  0
439  1
440  1
441  0
442  0
443  1
444  1
445  0
446  0
447  2
448  0
449  0
450  1
451  0
452  1
453  1
454  3
455  0
456  0
457  0
458  0
459  0
460  1
461  2
462  0
463  2
464  0
465  0
466  1
467  1
468  0
469  1
470  0
471  0
472  0
473  0
474  1
475  1
476  1
477  1
478  0
479  0
480  0
481  0
482  0
483  0
484  0
485  0
486  0
487  0
488  1
489  0
490  0
491  0
492  1
493  0
494  1
495  0
496  0
497  1
498  0
499  0
500  1
501  0
502  0
503  0
504  0
505  0
506  0
507  0
508  0
509  0
510  0
511  0
512  0
513  0
514  1
515  0
516  0
517  0
518  1
519  0
520  0
521  0
522  1
523  1
524  0
525  0
526  0
527  1
528  1
529  0
530  0
531  0
532  0
533  1
534  1
535  1
536  0
537  0
538  0
539  0
540  1
541  0
542  0
543  0
544  0
545  0
546  0
547  0
548  0
549  0
550  0
551  0
552  0
553  0
554  0
555  0
556  0
557  0
558  0
559  0
560  0
561  0
562  0
563  0
564  0
565  0
566  0
567  0
568  0
569  0
570  0
571  0
572  0
573  0
574  0
575  0
576  0
577  0
578  0
579  0
580  0
581  0
582  0
583  0
584  0
585  0
586  0
587  0
588  0
589  0
590  0
591  0
592  0
593  0
594  0
595  0
596  0
597  0
598  0
599  0
600  0
601  0
602  0
603  0
604  0
605  0
606  0
607  0
608  0
609  0
610  0
611  0
612  0
613  0
614  0
615  0
616  0
617  0
618  0
619  0
620  0
621  0
622  0
623  0
624  0
625  0
626  0
627  0
628  0
629  0
630  0
631  0
632  0
633  0
634  0
635  0
636  0
637  0
638  0
639  0
640  0
641  0
642  0
643  0
644  0
645  0
646  0
647  0
648  0
649  0
650  0
651  0
652  0
653  0
654  0
655  0
656  0
657  0
658  0
659  0
660  0
661  0
662  0
663  0
664  0
665  0
666  0
667  0
668  0
669  0
670  0
671  0
672  0
673  0
674  0
675  0
676  0
677  0
678  0
679  0
680  0
681  0
682  0
683  0
684  0
685  0
686  0
687  0
688  0
689  0
690  0
691  0
692  0
693  0
694  0
695  0
696  0
697  0
698  0
699  0
700  0
701  0
702  0
703  0
704  0
705  0
706  0
707  0
708  0
709  0
710  0
711  0
712  0
713  0
714  0
715  0
716  0
717  0
718  0
719  0
720  0
721  0
722  0
723  0
724  0
725  0
726  0
727  0
728  0
729  0
730  0
731  0
732  0
733  0
734  0
735  0
736  0
737  0
738  0
739  0
740  0
741  0
742  0
743  0
744  0
745  0
746  0
747  0
748  0
749  0
750  0
751  0
752  0
753  0
754  0
755  0
756  0
757  0
758  0
759  0
760  0
761  0
762  0
763  0
764  0
765  0
766  0
767  0
768  0
769  0
770  0
771  0
772  0
773  0
774  0
775  0
776  0
777  0
778  0
779  0
780  0
781  0
782  0
783  0
784  0
785  0
786  0
787  0
788  0
789  0
790  0
791  0
792  0
793  0
794  0
795  0
796  0
797  0
798  0
799  0
800  0
801  0
802  0
803  0
804  0
805  0
806  0
807  0
808  0
809  0
810  0
811  0
812  0
813  0
814  0
815  0
816  0
817  0
818  0
819  0
820  0
821  0
822  0
823  0
824  0
825  0
826  0
827  0
828  0
829  0
830  0
831  0
832  0
833  0
834  0
835  0
836  0
837  0
838  0
839  0
840  0
841  0
842  0
843  0
844  0
845  0
846  0
847  0
848  0
849  0
850  0
851  0
852  0
853  0
854  0
855  0
856  0
857  0
858  0
859  0
860  0
861  0
862  0
863  0
864  0
865  0
866  0
867  0
868  0
869  0
870  0
871  0
872  0
873  0
874  0
875  0
876  0
877  0
878  0
879  0
880  0
881  0
882  0
883  0
884  0
885  0
886  0
887  0
888  0
889  0
890  0
891  0
892  0
893  0
894  0
895  0
896  0
897  0
898  0
899  0
900  0
901  0
902  0
903  0
904  0
905  0
906  0
907  0
908  0
909  0
910  0
911  0
912  0
913  0
914  0
915  0
916  0
917  0
918  0
919  0
920  0
921  0
922  0
923  0
924  0
925  0
926  0
927  0
928  0
929  0
930  0
931  0
932  0
933  0
934  0
935  0
936  0
937  0
938  0
939  0
940  0
941  0
942  0
943  0
944  0
945  0
946  0
947  0
948  0
949  0
950  0
951  0
952  0
953  0
954  0
955  0
956  0
957  0
958  0
959  0
960  0
961  0
962  0
963  0
964  0
965  0
966  0
967  0
968  0
969  0
970  0
971  0
972  0
973  0
974  0
975  0
976  0
977  0
978  0
979  0
980  0
981  0
982  0
983  0
984  0
985  0
986  0
987  0
988  0
989  0
990  0
991  0
992  0
993  0
994  1
995  0
996  0
997  0
998  0
999  0
1000  0
1001  0
1002  0
1003  0
1004  0
1005  0
1006  0
1007  0
1008  0
1009  0
1010  0
1011  0
1012  0
1013  0
1014  0
1015  0
1016  1
1017  0
1018  0
1019  0
1020  0
1021  0
1022  0
1023  1
