0  0
1  0
2  0
3  0
4  0
5  0
6  0
7  0
8  0
9  0
10  0
11  0
12  0
13  0
14  0
15  0
16  1
17  2
18  2
19  1
20  1
21  1
22  1
23  1
24  1
25  1
26  0
27  1
28  1
29  1
30  0
31  1
32  0
33  0
34  2
35  0
36  1
37  3
38  1
39  0
40  2
41  2
42  1
43  1
44  1
45  0
46  1
47  2
48  0
49  1
50  0
51  0
52  0
53  0
54  4
55  2
56  4
57  0
58  2
59  2
60  1
61  1
62  2
63  2
64  1
65  1
66  0
67  1
68  0
69  2
70  0
71  0
72  1
73  0
74  0
75  1
76  1
77  9
78  154
79  219
80  253
81  236
82  221
83  236
84  225
85  215
86  189
87  182
88  202
89  190
90  194
91  172
92  167
93  184
94  178
95  162
96  140
97  167
98  149
99  121
100  140
101  107
102  103
103  115
104  120
105  122
106  134
107  117
108  118
109  85
110  87
111  84
112  82
113  84
114  96
115  74
116  83
117  75
118  88
119  83
120  75
121  73
122  86
123  60
124  63
125  69
126  81
127  83
128  63
129  82
130  97
131  91
132  121
133  100
134  116
135  133
136  161
137  170
138  154
139  171
140  192
141  217
142  212
143  194
144  215
145  234
146  218
147  207
148  225
149  200
150  170
151  164
152  151
153  133
154  154
155  142
156  115
157  108
158  99
159  98
160  74
161  73
162  61
163  56
164  57
165  60
166  48
167  41
168  46
169  39
170  36
171  42
172  25
173  37
174  39
175  36
176  31
177  27
178  30
179  24
180  27
181  29
182  29
183  24
184  22
185  43
186  36
187  23
188  31
189  24
190  23
191  23
192  26
193  27
194  23
195  33
196  22
197  26
198  30
199  26
200  28
201  35
202  18
203  30
204  17
205  21
206  23
207  24
208  21
209  34
210  18
211  24
212  21
213  19
214  25
215  19
216  24
217  24
218  26
219  37
220  18
221  15
222  21
223  23
224  20
225  17
226  26
227  21
228  17
229  22
230  19
231  25
232  22
233  17
234  16
235  21
236  18
237  18
238  18
239  19
240  23
241  15
242  21
243  22
244  27
245  18
246  22
247  27
248  20
249  27
250  15
251  18
252  18
253  12
254  30
255  17
256  27
257  26
258  23
259  20
260  24
261  20
262  14
263  22
264  18
265  16
266  19
267  14
268  29
269  12
270  14
271  22
272  22
273  19
274  17
275  16
276  15
277  19
278  14
279  10
280  10
281  21
282  19
283  12
284  16
285  15
286  14
287  5
288  16
289  12
290  18
291  15
292  15
293  11
294  11
295  7
296  10
297  16
298  10
299  7
300  8
301  9
302  11
303  16
304  10
305  13
306  7
307  13
308  15
309  19
310  14
311  9
312  8
313  15
314  14
315  16
316  14
317  23
318  17
319  22
320  17
321  25
322  18
323  18
324  19
325  17
326  21
327  19
328  21
329  25
330  19
331  33
332  25
333  24
334  24
335  28
336  29
337  26
338  25
339  32
340  28
341  18
342  30
343  23
344  25
345  15
346  15
347  18
348  11
349  17
350  14
351  4
352  13
353  17
354  13
355  19
356  16
357  15
358  23
359  11
360  6
361  12
362  12
363  10
364  7
365  9
366  5
367  7
368  7
369  7
370  5
371  12
372  6
373  7
374  9
375  8
376  5
377  6
378  12
379  8
380  10
381  10
382  7
383  4
384  4
385  6
386  7
387  5
388  7
389  6
390  7
391  8
392  7
393  5
394  6
395  5
396  7
397  1
398  6
399  6
400  6
401  6
402  5
403  1
404  6
405  7
406  6
407  3
408  10
409  1
410  7
411  2
412  3
413  2
414  2
415  0
416  3
417  2
418  1
419  5
420  3
421  3
422  0
423  3
424  2
425  2
426  3
427  4
428  1
429  5
430  4
431  1
432  1
433  2
434  2
435  2
436  1
437  0
438  1
439  1
440  4
441  2
442  4
443  0
444  2
445  0
446  4
447  0
448  1
449  2
450  2
451  2
452  1
453  1
454  3
455  2
456  1
457  1
458  4
459  0
460  1
461  3
462  1
463  5
464  1
465  1
466  4
467  1
468  2
469  2
470  5
471  0
472  2
473  1
474  2
475  0
476  0
477  2
478  2
479  5
480  0
481  1
482  2
483  1
484  1
485  1
486  1
487  1
488  3
489  0
490  1
491  0
492  3
493  1
494  1
495  0
496  1
497  3
498  0
499  1
500  4
501  1
502  0
503  1
504  1
505  1
506  1
507  0
508  2
509  0
510  0
511  0
512  1
513  2
514  0
515  0
516  2
517  0
518  0
519  2
520  1
521  1
522  0
523  1
524  2
525  0
526  1
527  0
528  1
529  0
530  0
531  1
532  1
533  0
534  0
535  1
536  2
537  0
538  2
539  0
540  1
541  1
542  2
543  2
544  0
545  0
546  2
547  1
548  0
549  0
550  0
551  1
552  0
553  2
554  0
555  1
556  1
557  0
558  2
559  3
560  1
561  1
562  2
563  2
564  0
565  1
566  0
567  1
568  0
569  0
570  0
571  0
572  2
573  0
574  1
575  2
576  0
577  0
578  1
579  1
580  0
581  0
582  3
583  1
584  0
585  0
586  0
587  1
588  2
589  0
590  1
591  0
592  0
593  0
594  1
595  3
596  1
597  0
598  0
599  2
600  3
601  0
602  0
603  0
604  0
605  0
606  1
607  1
608  0
609  1
610  0
611  0
612  0
613  1
614  1
615  1
616  0
617  2
618  0
619  0
620  1
621  0
622  1
623  1
624  0
625  1
626  1
627  0
628  1
629  2
630  1
631  0
632  0
633  0
634  1
635  0
636  0
637  1
638  0
639  0
640  2
641  0
642  0
643  0
644  0
645  0
646  0
647  0
648  1
649  0
650  1
651  0
652  1
653  0
654  1
655  0
656  1
657  0
658  1
659  0
660  1
661  0
662  2
663  0
664  0
665  0
666  1
667  0
668  0
669  1
670  0
671  1
672  1
673  0
674  1
675  0
676  0
677  2
678  0
679  0
680  0
681  2
682  0
683  0
684  1
685  1
686  1
687  0
688  0
689  1
690  0
691  0
692  0
693  1
694  0
695  0
696  0
697  0
698  0
699  0
700  0
701  0
702  0
703  0
704  0
705  0
706  0
707  0
708  1
709  0
710  0
711  0
712  0
713  0
714  0
715  0
716  0
717  0
718  0
719  0
720  0
721  0
722  0
723  1
724  0
725  0
726  0
727  0
728  0
729  0
730  0
731  0
732  0
733  1
734  0
735  0
736  0
737  0
738  0
739  0
740  0
741  1
742  2
743  0
744  0
745  0
746  1
747  0
748  0
749  0
750  1
751  0
752  0
753  0
754  0
755  0
756  0
757  0
758  0
759  0
760  0
761  0
762  0
763  0
764  0
765  0
766  0
767  0
768  0
769  0
770  0
771  0
772  0
773  0
774  0
775  0
776  0
777  0
778  0
779  0
780  0
781  0
782  0
783  0
784  0
785  0
786  0
787  0
788  0
789  1
790  0
791  0
792  0
793  0
794  0
795  0
796  0
797  0
798  0
799  0
800  0
801  1
802  0
803  0
804  1
805  0
806  0
807  0
808  0
809  0
810  0
811  0
812  0
813  0
814  0
815  0
816  0
817  0
818  0
819  0
820  1
821  0
822  0
823  0
824  2
825  0
826  0
827  0
828  0
829  0
830  0
831  0
832  0
833  0
834  0
835  0
836  0
837  0
838  0
839  0
840  0
841  0
842  0
843  0
844  0
845  0
846  0
847  0
848  0
849  0
850  0
851  0
852  0
853  0
854  0
855  0
856  0
857  0
858  0
859  0
860  0
861  0
862  1
863  0
864  1
865  0
866  0
867  0
868  0
869  0
870  0
871  0
872  0
873  0
874  0
875  0
876  0
877  0
878  0
879  0
880  0
881  0
882  0
883  0
884  0
885  1
886  0
887  0
888  1
889  0
890  0
891  1
892  0
893  0
894  0
895  1
896  0
897  0
898  0
899  0
900  0
901  0
902  0
903  0
904  0
905  0
906  0
907  0
908  0
909  0
910  0
911  0
912  0
913  0
914  0
915  0
916  0
917  0
918  0
919  0
920  0
921  0
922  0
923  0
924  0
925  0
926  0
927  0
928  0
929  0
930  0
931  0
932  0
933  0
934  0
935  0
936  0
937  0
938  0
939  0
940  0
941  0
942  0
943  0
944  0
945  0
946  0
947  0
948  0
949  0
950  0
951  0
952  0
953  0
954  0
955  0
956  0
957  0
958  0
959  0
960  0
961  0
962  0
963  0
964  0
965  0
966  0
967  0
968  0
969  0
970  0
971  0
972  0
973  0
974  0
975  0
976  0
977  0
978  0
979  0
980  0
981  0
982  0
983  0
984  0
985  0
986  1
987  0
988  0
989  0
990  0
991  0
992  0
993  0
994  0
995  0
996  0
997  1
998  0
999  0
1000  0
1001  0
1002  0
1003  0
1004  0
1005  0
1006  0
1007  0
1008  0
1009  0
1010  0
1011  0
1012  0
1013  0
1014  0
1015  0
1016  0
1017  0
1018  1
1019  1
1020  0
1021  1
1022  1
1023  1
