0  0
1  0
2  0
3  0
4  0
5  0
6  0
7  0
8  0
9  0
10  0
11  0
12  0
13  0
14  0
15  12
16  10
17  17
18  16
19  18
20  9
21  17
22  16
23  8
24  8
25  15
26  8
27  8
28  17
29  16
30  10
31  12
32  21
33  15
34  16
35  12
36  13
37  9
38  17
39  13
40  17
41  8
42  12
43  10
44  13
45  9
46  17
47  16
48  6
49  11
50  20
51  18
52  16
53  13
54  22
55  28
56  118
57  195
58  206
59  187
60  177
61  184
62  179
63  186
64  150
65  170
66  146
67  154
68  143
69  144
70  119
71  129
72  111
73  128
74  122
75  114
76  109
77  97
78  94
79  94
80  80
81  90
82  84
83  85
84  89
85  71
86  79
87  78
88  86
89  67
90  61
91  60
92  59
93  56
94  63
95  62
96  38
97  47
98  47
99  45
100  42
101  47
102  33
103  55
104  45
105  39
106  42
107  43
108  36
109  47
110  51
111  46
112  41
113  54
114  56
115  85
116  85
117  85
118  87
119  90
120  75
121  79
122  110
123  94
124  102
125  86
126  76
127  84
128  115
129  82
130  81
131  65
132  105
133  96
134  87
135  76
136  69
137  73
138  63
139  51
140  52
141  35
142  39
143  35
144  27
145  26
146  16
147  15
148  28
149  10
150  15
151  27
152  12
153  24
154  15
155  14
156  19
157  20
158  17
159  16
160  14
161  4
162  17
163  21
164  17
165  10
166  14
167  15
168  11
169  7
170  14
171  19
172  7
173  13
174  14
175  10
176  8
177  10
178  7
179  6
180  11
181  13
182  4
183  13
184  6
185  13
186  7
187  14
188  12
189  14
190  11
191  13
192  13
193  12
194  12
195  5
196  6
197  13
198  7
199  6
200  10
201  11
202  13
203  6
204  15
205  16
206  13
207  14
208  10
209  12
210  9
211  18
212  10
213  14
214  10
215  10
216  9
217  13
218  12
219  10
220  10
221  7
222  13
223  11
224  16
225  13
226  11
227  11
228  11
229  7
230  6
231  7
232  5
233  16
234  8
235  11
236  9
237  12
238  5
239  9
240  8
241  14
242  7
243  13
244  8
245  11
246  10
247  8
248  11
249  15
250  8
251  10
252  10
253  13
254  9
255  14
256  8
257  8
258  8
259  8
260  2
261  4
262  8
263  13
264  7
265  8
266  7
267  9
268  7
269  11
270  3
271  10
272  7
273  5
274  7
275  5
276  8
277  10
278  4
279  7
280  2
281  6
282  6
283  6
284  5
285  1
286  8
287  5
288  5
289  2
290  6
291  5
292  4
293  5
294  9
295  7
296  8
297  10
298  7
299  9
300  7
301  10
302  10
303  13
304  12
305  12
306  8
307  11
308  10
309  10
310  10
311  15
312  14
313  14
314  18
315  8
316  9
317  14
318  11
319  10
320  11
321  3
322  11
323  12
324  9
325  6
326  6
327  7
328  9
329  7
330  8
331  4
332  4
333  2
334  5
335  3
336  8
337  1
338  1
339  1
340  4
341  2
342  3
343  2
344  2
345  2
346  2
347  1
348  2
349  3
350  2
351  2
352  4
353  2
354  4
355  1
356  3
357  0
358  4
359  2
360  8
361  0
362  1
363  1
364  6
365  2
366  3
367  2
368  1
369  1
370  1
371  2
372  1
373  0
374  1
375  0
376  1
377  1
378  0
379  2
380  1
381  2
382  1
383  3
384  0
385  1
386  1
387  0
388  1
389  1
390  0
391  1
392  3
393  1
394  0
395  0
396  1
397  1
398  0
399  1
400  1
401  0
402  0
403  0
404  1
405  1
406  1
407  1
408  0
409  0
410  0
411  0
412  3
413  0
414  1
415  1
416  0
417  1
418  0
419  1
420  0
421  0
422  0
423  1
424  1
425  0
426  0
427  0
428  1
429  1
430  0
431  0
432  1
433  1
434  0
435  0
436  1
437  1
438  0
439  0
440  0
441  0
442  0
443  0
444  0
445  1
446  2
447  0
448  0
449  2
450  0
451  1
452  0
453  0
454  2
455  0
456  0
457  0
458  0
459  0
460  0
461  0
462  1
463  0
464  0
465  0
466  0
467  1
468  0
469  1
470  0
471  1
472  0
473  0
474  0
475  0
476  1
477  0
478  2
479  2
480  0
481  0
482  0
483  0
484  0
485  0
486  0
487  0
488  0
489  0
490  1
491  0
492  0
493  0
494  0
495  1
496  0
497  2
498  0
499  0
500  1
501  0
502  1
503  0
504  1
505  0
506  1
507  1
508  0
509  0
510  1
511  0
512  0
513  0
514  0
515  0
516  0
517  0
518  0
519  0
520  0
521  0
522  0
523  0
524  0
525  0
526  0
527  0
528  0
529  0
530  0
531  0
532  0
533  0
534  0
535  0
536  0
537  0
538  0
539  0
540  0
541  0
542  0
543  0
544  0
545  0
546  0
547  0
548  0
549  0
550  0
551  0
552  0
553  0
554  0
555  0
556  0
557  0
558  0
559  0
560  0
561  0
562  1
563  0
564  0
565  0
566  0
567  0
568  0
569  0
570  0
571  0
572  0
573  0
574  0
575  0
576  0
577  0
578  0
579  0
580  0
581  0
582  0
583  0
584  0
585  0
586  0
587  0
588  0
589  0
590  0
591  0
592  0
593  0
594  0
595  0
596  0
597  0
598  0
599  0
600  0
601  0
602  0
603  0
604  0
605  0
606  0
607  0
608  0
609  0
610  0
611  0
612  0
613  0
614  0
615  0
616  0
617  0
618  0
619  0
620  0
621  0
622  0
623  0
624  0
625  0
626  0
627  0
628  0
629  0
630  0
631  0
632  0
633  0
634  0
635  0
636  0
637  0
638  0
639  0
640  0
641  0
642  0
643  0
644  0
645  0
646  0
647  0
648  0
649  0
650  0
651  0
652  0
653  0
654  0
655  0
656  0
657  0
658  0
659  0
660  0
661  0
662  0
663  0
664  0
665  0
666  0
667  0
668  0
669  0
670  0
671  0
672  0
673  0
674  0
675  0
676  0
677  0
678  0
679  0
680  0
681  0
682  0
683  0
684  0
685  0
686  0
687  0
688  0
689  0
690  0
691  0
692  0
693  0
694  0
695  0
696  0
697  0
698  0
699  0
700  0
701  0
702  0
703  0
704  0
705  0
706  0
707  0
708  0
709  0
710  0
711  0
712  0
713  0
714  0
715  0
716  0
717  0
718  0
719  0
720  0
721  0
722  0
723  0
724  0
725  0
726  0
727  0
728  0
729  0
730  0
731  0
732  0
733  0
734  0
735  0
736  0
737  0
738  0
739  0
740  0
741  0
742  0
743  0
744  0
745  0
746  0
747  0
748  0
749  0
750  0
751  0
752  0
753  0
754  0
755  0
756  0
757  0
758  0
759  0
760  0
761  0
762  0
763  0
764  0
765  0
766  0
767  0
768  0
769  0
770  0
771  0
772  0
773  0
774  0
775  0
776  0
777  0
778  0
779  0
780  0
781  0
782  0
783  0
784  0
785  0
786  0
787  0
788  0
789  0
790  0
791  0
792  0
793  0
794  0
795  0
796  0
797  0
798  0
799  0
800  0
801  0
802  0
803  0
804  0
805  0
806  0
807  0
808  0
809  0
810  0
811  0
812  0
813  0
814  0
815  0
816  0
817  0
818  0
819  0
820  0
821  0
822  0
823  0
824  0
825  0
826  0
827  0
828  0
829  0
830  0
831  0
832  0
833  0
834  0
835  0
836  0
837  0
838  0
839  0
840  0
841  0
842  0
843  0
844  0
845  0
846  0
847  0
848  0
849  0
850  0
851  0
852  0
853  0
854  0
855  0
856  0
857  0
858  0
859  0
860  0
861  0
862  0
863  0
864  0
865  0
866  0
867  0
868  0
869  0
870  0
871  0
872  0
873  0
874  0
875  0
876  0
877  0
878  0
879  0
880  0
881  0
882  0
883  0
884  0
885  0
886  0
887  0
888  0
889  0
890  0
891  0
892  0
893  0
894  0
895  0
896  0
897  0
898  0
899  0
900  0
901  0
902  0
903  0
904  0
905  0
906  0
907  0
908  0
909  0
910  0
911  0
912  0
913  0
914  0
915  0
916  0
917  0
918  0
919  0
920  0
921  0
922  0
923  0
924  0
925  0
926  0
927  0
928  0
929  0
930  0
931  0
932  0
933  0
934  0
935  0
936  0
937  0
938  0
939  0
940  0
941  0
942  0
943  0
944  0
945  0
946  0
947  0
948  0
949  0
950  0
951  0
952  0
953  0
954  0
955  0
956  0
957  0
958  0
959  0
960  0
961  0
962  0
963  0
964  0
965  0
966  0
967  0
968  0
969  0
970  0
971  0
972  0
973  0
974  0
975  0
976  0
977  0
978  0
979  0
980  0
981  0
982  0
983  0
984  0
985  0
986  0
987  0
988  0
989  0
990  0
991  0
992  0
993  0
994  0
995  0
996  0
997  0
998  0
999  0
1000  0
1001  0
1002  0
1003  0
1004  0
1005  0
1006  0
1007  0
1008  0
1009  0
1010  0
1011  0
1012  0
1013  0
1014  0
1015  0
1016  0
1017  0
1018  0
1019  0
1020  0
1021  0
1022  0
1023  0
