0  0
1  0
2  0
3  0
4  0
5  0
6  0
7  0
8  0
9  0
10  0
11  0
12  0
13  0
14  0
15  3
16  0
17  2
18  0
19  1
20  1
21  1
22  0
23  0
24  1
25  2
26  0
27  0
28  0
29  0
30  0
31  0
32  0
33  0
34  1
35  0
36  0
37  0
38  1
39  0
40  0
41  2
42  0
43  2
44  0
45  0
46  1
47  1
48  0
49  1
50  0
51  2
52  0
53  1
54  1
55  0
56  0
57  1
58  0
59  1
60  2
61  0
62  1
63  2
64  0
65  1
66  1
67  0
68  0
69  2
70  1
71  0
72  1
73  0
74  3
75  1
76  0
77  17
78  161
79  246
80  222
81  236
82  224
83  211
84  230
85  225
86  226
87  189
88  177
89  183
90  152
91  173
92  179
93  164
94  148
95  177
96  140
97  154
98  131
99  160
100  123
101  115
102  125
103  125
104  106
105  112
106  114
107  101
108  100
109  93
110  69
111  85
112  75
113  92
114  83
115  91
116  87
117  83
118  82
119  79
120  65
121  64
122  81
123  66
124  74
125  75
126  72
127  68
128  78
129  84
130  101
131  106
132  106
133  118
134  116
135  112
136  159
137  141
138  155
139  167
140  171
141  183
142  182
143  174
144  174
145  228
146  195
147  163
148  207
149  187
150  187
151  161
152  141
153  141
154  129
155  120
156  134
157  89
158  82
159  58
160  82
161  65
162  71
163  47
164  65
165  42
166  47
167  45
168  49
169  35
170  39
171  31
172  41
173  41
174  45
175  39
176  33
177  35
178  26
179  37
180  21
181  28
182  24
183  40
184  25
185  20
186  26
187  36
188  27
189  25
190  23
191  18
192  18
193  17
194  24
195  29
196  19
197  15
198  17
199  29
200  22
201  23
202  13
203  32
204  23
205  26
206  20
207  16
208  15
209  14
210  27
211  22
212  17
213  21
214  21
215  27
216  20
217  21
218  14
219  25
220  29
221  26
222  14
223  30
224  20
225  23
226  23
227  21
228  17
229  22
230  19
231  22
232  24
233  17
234  16
235  19
236  23
237  30
238  25
239  25
240  14
241  23
242  30
243  29
244  13
245  30
246  15
247  22
248  16
249  21
250  19
251  27
252  16
253  16
254  18
255  17
256  24
257  23
258  16
259  18
260  21
261  20
262  24
263  22
264  22
265  17
266  16
267  22
268  22
269  20
270  22
271  15
272  16
273  19
274  16
275  11
276  17
277  20
278  18
279  14
280  12
281  9
282  22
283  14
284  10
285  16
286  20
287  11
288  12
289  15
290  18
291  16
292  10
293  17
294  13
295  10
296  10
297  9
298  11
299  16
300  7
301  12
302  10
303  5
304  7
305  15
306  14
307  11
308  13
309  21
310  10
311  14
312  15
313  7
314  22
315  18
316  18
317  16
318  16
319  15
320  14
321  20
322  18
323  15
324  19
325  23
326  23
327  27
328  29
329  33
330  33
331  21
332  26
333  16
334  22
335  31
336  22
337  25
338  27
339  23
340  36
341  30
342  19
343  24
344  12
345  24
346  14
347  22
348  19
349  22
350  20
351  16
352  27
353  16
354  14
355  10
356  11
357  11
358  13
359  10
360  19
361  8
362  5
363  14
364  10
365  13
366  11
367  12
368  9
369  8
370  9
371  7
372  16
373  9
374  5
375  6
376  9
377  18
378  12
379  6
380  9
381  8
382  8
383  12
384  6
385  12
386  9
387  6
388  10
389  6
390  6
391  6
392  6
393  5
394  7
395  4
396  4
397  5
398  5
399  3
400  6
401  3
402  7
403  5
404  6
405  6
406  6
407  2
408  4
409  4
410  3
411  4
412  5
413  2
414  4
415  3
416  3
417  3
418  6
419  0
420  2
421  3
422  0
423  3
424  6
425  1
426  2
427  2
428  2
429  1
430  3
431  1
432  0
433  1
434  3
435  0
436  0
437  1
438  1
439  4
440  1
441  2
442  2
443  1
444  0
445  0
446  1
447  1
448  0
449  3
450  1
451  1
452  3
453  2
454  1
455  1
456  2
457  3
458  0
459  2
460  1
461  1
462  3
463  1
464  6
465  1
466  3
467  0
468  1
469  2
470  1
471  2
472  2
473  2
474  1
475  1
476  3
477  1
478  1
479  0
480  2
481  0
482  1
483  1
484  0
485  0
486  0
487  3
488  1
489  0
490  1
491  2
492  3
493  1
494  1
495  1
496  3
497  4
498  1
499  1
500  3
501  1
502  1
503  0
504  0
505  0
506  2
507  1
508  1
509  1
510  0
511  1
512  1
513  1
514  2
515  1
516  0
517  0
518  1
519  2
520  0
521  0
522  0
523  1
524  0
525  2
526  1
527  0
528  1
529  3
530  1
531  1
532  0
533  1
534  0
535  1
536  6
537  1
538  1
539  0
540  0
541  1
542  0
543  1
544  0
545  2
546  0
547  2
548  1
549  4
550  2
551  1
552  0
553  1
554  0
555  1
556  1
557  0
558  1
559  1
560  1
561  2
562  5
563  0
564  2
565  1
566  0
567  1
568  2
569  1
570  0
571  0
572  1
573  0
574  2
575  2
576  1
577  0
578  0
579  0
580  0
581  0
582  0
583  1
584  0
585  2
586  1
587  0
588  1
589  0
590  1
591  2
592  0
593  1
594  2
595  2
596  1
597  2
598  1
599  0
600  1
601  2
602  1
603  0
604  1
605  0
606  2
607  2
608  1
609  1
610  2
611  1
612  0
613  0
614  0
615  1
616  0
617  0
618  0
619  1
620  0
621  1
622  0
623  1
624  0
625  0
626  1
627  0
628  1
629  0
630  0
631  0
632  1
633  0
634  0
635  0
636  0
637  1
638  0
639  0
640  0
641  1
642  1
643  0
644  1
645  1
646  0
647  0
648  1
649  1
650  0
651  0
652  0
653  0
654  0
655  0
656  0
657  1
658  0
659  0
660  1
661  0
662  0
663  1
664  2
665  0
666  0
667  1
668  0
669  0
670  1
671  1
672  0
673  1
674  0
675  0
676  1
677  0
678  0
679  1
680  1
681  0
682  0
683  0
684  1
685  0
686  0
687  0
688  1
689  0
690  0
691  0
692  1
693  0
694  2
695  0
696  0
697  0
698  0
699  0
700  2
701  0
702  0
703  1
704  1
705  0
706  0
707  1
708  0
709  0
710  0
711  0
712  0
713  0
714  0
715  0
716  0
717  0
718  0
719  1
720  0
721  0
722  0
723  0
724  0
725  0
726  0
727  0
728  0
729  1
730  1
731  0
732  0
733  0
734  0
735  1
736  0
737  0
738  0
739  1
740  1
741  0
742  0
743  0
744  0
745  0
746  0
747  0
748  0
749  0
750  0
751  0
752  0
753  0
754  0
755  0
756  0
757  0
758  0
759  0
760  0
761  0
762  0
763  0
764  0
765  0
766  0
767  0
768  0
769  0
770  0
771  0
772  0
773  0
774  0
775  0
776  0
777  0
778  0
779  0
780  0
781  0
782  0
783  0
784  0
785  0
786  0
787  0
788  0
789  0
790  0
791  0
792  0
793  0
794  0
795  0
796  0
797  0
798  0
799  0
800  0
801  0
802  0
803  0
804  0
805  0
806  0
807  0
808  0
809  0
810  0
811  0
812  0
813  0
814  0
815  0
816  0
817  0
818  0
819  0
820  1
821  0
822  1
823  0
824  0
825  0
826  0
827  0
828  0
829  0
830  0
831  0
832  0
833  0
834  0
835  0
836  0
837  0
838  0
839  0
840  0
841  0
842  0
843  0
844  0
845  0
846  1
847  0
848  0
849  0
850  0
851  0
852  0
853  0
854  1
855  0
856  1
857  0
858  0
859  0
860  0
861  0
862  1
863  0
864  0
865  0
866  0
867  0
868  0
869  0
870  0
871  0
872  0
873  0
874  0
875  0
876  0
877  0
878  0
879  0
880  0
881  0
882  0
883  0
884  0
885  0
886  0
887  0
888  0
889  0
890  0
891  0
892  0
893  0
894  0
895  0
896  0
897  0
898  1
899  0
900  0
901  1
902  0
903  0
904  0
905  0
906  0
907  0
908  0
909  0
910  0
911  0
912  0
913  0
914  0
915  0
916  0
917  0
918  0
919  0
920  0
921  0
922  0
923  0
924  0
925  0
926  0
927  0
928  0
929  0
930  0
931  0
932  0
933  0
934  0
935  0
936  0
937  0
938  0
939  0
940  0
941  0
942  0
943  0
944  0
945  0
946  0
947  0
948  0
949  0
950  0
951  0
952  0
953  0
954  0
955  0
956  0
957  0
958  0
959  0
960  0
961  0
962  0
963  0
964  0
965  0
966  0
967  0
968  0
969  0
970  0
971  0
972  0
973  0
974  0
975  0
976  0
977  0
978  0
979  0
980  0
981  0
982  0
983  0
984  0
985  0
986  0
987  0
988  0
989  0
990  0
991  0
992  0
993  0
994  0
995  0
996  0
997  0
998  0
999  0
1000  0
1001  0
1002  0
1003  0
1004  0
1005  0
1006  0
1007  0
1008  0
1009  0
1010  0
1011  0
1012  0
1013  0
1014  0
1015  0
1016  0
1017  0
1018  0
1019  0
1020  0
1021  1
1022  0
1023  1
