0  0
1  0
2  0
3  0
4  0
5  0
6  0
7  0
8  0
9  0
10  0
11  0
12  0
13  0
14  0
15  1
16  0
17  2
18  1
19  0
20  2
21  1
22  3
23  2
24  1
25  4
26  1
27  0
28  0
29  1
30  3
31  1
32  2
33  2
34  1
35  3
36  4
37  1
38  1
39  3
40  1
41  2
42  1
43  6
44  4
45  5
46  6
47  5
48  1
49  3
50  3
51  2
52  4
53  1
54  14
55  95
56  177
57  204
58  195
59  197
60  199
61  173
62  162
63  166
64  162
65  168
66  154
67  159
68  123
69  137
70  113
71  128
72  114
73  117
74  108
75  87
76  98
77  112
78  94
79  91
80  80
81  120
82  102
83  76
84  79
85  78
86  69
87  65
88  80
89  72
90  67
91  67
92  65
93  51
94  54
95  46
96  50
97  52
98  53
99  51
100  43
101  40
102  38
103  35
104  26
105  41
106  29
107  35
108  37
109  33
110  44
111  30
112  43
113  43
114  30
115  43
116  43
117  42
118  55
119  46
120  53
121  62
122  69
123  58
124  85
125  101
126  93
127  103
128  116
129  120
130  126
131  114
132  130
133  107
134  110
135  93
136  99
137  67
138  82
139  65
140  47
141  36
142  45
143  34
144  26
145  30
146  28
147  18
148  25
149  12
150  20
151  20
152  15
153  22
154  15
155  20
156  10
157  19
158  17
159  10
160  12
161  16
162  9
163  8
164  11
165  7
166  13
167  15
168  13
169  10
170  5
171  13
172  10
173  17
174  16
175  10
176  12
177  10
178  11
179  13
180  9
181  12
182  10
183  14
184  12
185  11
186  12
187  11
188  11
189  5
190  10
191  7
192  11
193  9
194  13
195  10
196  9
197  10
198  10
199  15
200  11
201  14
202  13
203  10
204  11
205  11
206  7
207  15
208  10
209  9
210  5
211  11
212  7
213  5
214  13
215  13
216  13
217  11
218  15
219  14
220  13
221  8
222  7
223  11
224  12
225  4
226  11
227  6
228  13
229  10
230  9
231  7
232  14
233  10
234  9
235  11
236  9
237  13
238  6
239  6
240  10
241  17
242  12
243  13
244  9
245  14
246  11
247  11
248  9
249  15
250  16
251  11
252  6
253  5
254  9
255  11
256  5
257  13
258  13
259  11
260  10
261  7
262  7
263  10
264  5
265  4
266  9
267  4
268  6
269  5
270  9
271  7
272  11
273  6
274  8
275  3
276  4
277  4
278  3
279  5
280  12
281  8
282  7
283  7
284  7
285  6
286  7
287  6
288  7
289  5
290  5
291  4
292  14
293  9
294  8
295  7
296  8
297  8
298  7
299  10
300  6
301  10
302  8
303  11
304  11
305  9
306  8
307  10
308  15
309  13
310  15
311  17
312  14
313  8
314  10
315  12
316  7
317  11
318  6
319  14
320  4
321  3
322  8
323  3
324  5
325  5
326  6
327  4
328  3
329  4
330  2
331  2
332  6
333  3
334  1
335  4
336  1
337  3
338  2
339  2
340  2
341  2
342  4
343  3
344  4
345  2
346  3
347  3
348  1
349  2
350  1
351  1
352  4
353  2
354  3
355  6
356  0
357  1
358  3
359  2
360  4
361  1
362  1
363  1
364  4
365  2
366  4
367  3
368  2
369  2
370  1
371  0
372  1
373  0
374  2
375  0
376  3
377  0
378  1
379  0
380  0
381  1
382  1
383  1
384  0
385  2
386  3
387  1
388  0
389  1
390  1
391  2
392  1
393  0
394  0
395  0
396  0
397  1
398  0
399  2
400  1
401  2
402  1
403  2
404  1
405  0
406  1
407  1
408  0
409  2
410  1
411  0
412  1
413  0
414  1
415  0
416  0
417  1
418  0
419  0
420  0
421  1
422  0
423  0
424  0
425  1
426  1
427  1
428  0
429  1
430  1
431  1
432  0
433  0
434  2
435  0
436  1
437  1
438  0
439  1
440  0
441  1
442  1
443  0
444  1
445  0
446  0
447  0
448  0
449  0
450  0
451  0
452  1
453  0
454  0
455  1
456  1
457  0
458  1
459  0
460  0
461  0
462  1
463  0
464  0
465  0
466  0
467  0
468  0
469  1
470  0
471  1
472  0
473  0
474  0
475  0
476  1
477  0
478  0
479  0
480  0
481  0
482  1
483  0
484  0
485  0
486  1
487  1
488  1
489  0
490  0
491  0
492  0
493  0
494  0
495  1
496  0
497  0
498  0
499  0
500  1
501  0
502  0
503  0
504  0
505  2
506  1
507  1
508  0
509  0
510  0
511  0
512  0
513  0
514  0
515  0
516  0
517  0
518  0
519  0
520  0
521  0
522  0
523  0
524  0
525  0
526  0
527  0
528  0
529  0
530  0
531  0
532  0
533  0
534  0
535  0
536  1
537  0
538  0
539  0
540  0
541  0
542  0
543  0
544  0
545  0
546  0
547  0
548  0
549  0
550  0
551  0
552  0
553  0
554  0
555  0
556  0
557  0
558  0
559  0
560  0
561  0
562  0
563  0
564  0
565  0
566  0
567  0
568  0
569  0
570  0
571  0
572  0
573  0
574  0
575  0
576  0
577  0
578  0
579  0
580  0
581  0
582  0
583  0
584  0
585  0
586  0
587  0
588  0
589  0
590  0
591  0
592  0
593  0
594  0
595  0
596  0
597  0
598  0
599  0
600  0
601  0
602  0
603  0
604  0
605  0
606  0
607  0
608  0
609  0
610  0
611  0
612  0
613  0
614  0
615  0
616  0
617  0
618  0
619  0
620  0
621  0
622  0
623  0
624  0
625  0
626  0
627  0
628  0
629  0
630  0
631  0
632  0
633  0
634  0
635  0
636  0
637  0
638  0
639  0
640  0
641  0
642  0
643  0
644  0
645  0
646  0
647  0
648  0
649  0
650  0
651  0
652  0
653  0
654  0
655  0
656  0
657  0
658  0
659  0
660  0
661  0
662  0
663  0
664  0
665  0
666  0
667  0
668  0
669  0
670  0
671  0
672  0
673  0
674  0
675  0
676  0
677  0
678  0
679  0
680  0
681  0
682  0
683  0
684  0
685  0
686  0
687  0
688  0
689  0
690  0
691  0
692  0
693  0
694  0
695  0
696  0
697  0
698  0
699  0
700  0
701  0
702  0
703  0
704  0
705  0
706  0
707  0
708  0
709  0
710  0
711  0
712  0
713  0
714  0
715  0
716  0
717  0
718  0
719  0
720  0
721  0
722  0
723  0
724  0
725  0
726  0
727  0
728  0
729  0
730  0
731  0
732  0
733  0
734  0
735  0
736  0
737  0
738  0
739  0
740  0
741  0
742  0
743  0
744  0
745  0
746  0
747  0
748  0
749  0
750  0
751  0
752  0
753  0
754  0
755  0
756  0
757  0
758  0
759  0
760  0
761  0
762  0
763  0
764  0
765  0
766  0
767  0
768  0
769  0
770  0
771  0
772  0
773  0
774  0
775  0
776  0
777  0
778  0
779  0
780  0
781  0
782  0
783  0
784  0
785  0
786  0
787  0
788  0
789  0
790  0
791  0
792  0
793  0
794  0
795  0
796  0
797  0
798  0
799  0
800  0
801  0
802  0
803  0
804  0
805  0
806  0
807  0
808  0
809  0
810  0
811  0
812  0
813  0
814  0
815  0
816  0
817  0
818  0
819  0
820  0
821  0
822  0
823  0
824  0
825  0
826  0
827  0
828  0
829  0
830  0
831  0
832  0
833  0
834  0
835  0
836  0
837  0
838  0
839  0
840  0
841  0
842  0
843  0
844  0
845  0
846  0
847  0
848  0
849  0
850  0
851  0
852  0
853  0
854  0
855  0
856  0
857  0
858  0
859  0
860  0
861  0
862  0
863  0
864  0
865  0
866  0
867  0
868  0
869  0
870  0
871  0
872  0
873  0
874  0
875  0
876  0
877  0
878  0
879  0
880  0
881  0
882  0
883  0
884  0
885  0
886  0
887  0
888  0
889  0
890  0
891  0
892  0
893  0
894  0
895  0
896  0
897  0
898  0
899  0
900  0
901  0
902  0
903  0
904  0
905  0
906  0
907  0
908  0
909  0
910  0
911  0
912  0
913  0
914  0
915  0
916  0
917  0
918  0
919  0
920  0
921  0
922  0
923  0
924  0
925  0
926  0
927  0
928  0
929  0
930  0
931  0
932  0
933  0
934  0
935  0
936  0
937  0
938  0
939  0
940  0
941  0
942  0
943  0
944  0
945  0
946  0
947  0
948  0
949  0
950  0
951  0
952  0
953  0
954  0
955  0
956  0
957  0
958  0
959  0
960  0
961  0
962  0
963  0
964  0
965  0
966  0
967  0
968  0
969  0
970  0
971  0
972  0
973  0
974  0
975  0
976  0
977  0
978  0
979  0
980  0
981  0
982  0
983  0
984  0
985  0
986  0
987  0
988  0
989  0
990  0
991  0
992  0
993  0
994  0
995  0
996  0
997  0
998  0
999  0
1000  0
1001  0
1002  0
1003  0
1004  0
1005  0
1006  1
1007  0
1008  0
1009  0
1010  0
1011  0
1012  0
1013  0
1014  0
1015  0
1016  0
1017  0
1018  0
1019  0
1020  1
1021  0
1022  0
1023  0
