0  0
1  0
2  0
3  0
4  0
5  0
6  0
7  0
8  0
9  0
10  0
11  0
12  0
13  0
14  0
15  1
16  1
17  1
18  1
19  0
20  1
21  0
22  0
23  1
24  0
25  0
26  0
27  0
28  1
29  1
30  1
31  4
32  0
33  2
34  2
35  2
36  1
37  1
38  2
39  1
40  2
41  1
42  3
43  1
44  3
45  0
46  1
47  0
48  0
49  1
50  0
51  1
52  2
53  0
54  5
55  32
56  88
57  174
58  181
59  204
60  202
61  179
62  171
63  185
64  155
65  143
66  128
67  148
68  150
69  145
70  141
71  132
72  133
73  112
74  114
75  113
76  116
77  97
78  112
79  79
80  96
81  102
82  99
83  93
84  83
85  71
86  84
87  75
88  71
89  72
90  67
91  76
92  65
93  55
94  52
95  59
96  58
97  44
98  50
99  54
100  47
101  34
102  44
103  32
104  44
105  35
106  34
107  42
108  35
109  33
110  29
111  33
112  44
113  40
114  28
115  34
116  55
117  49
118  36
119  31
120  43
121  48
122  39
123  49
124  52
125  77
126  107
127  87
128  95
129  114
130  111
131  105
132  120
133  129
134  128
135  119
136  132
137  113
138  90
139  91
140  69
141  47
142  52
143  40
144  54
145  41
146  31
147  34
148  22
149  20
150  14
151  17
152  12
153  14
154  16
155  16
156  11
157  15
158  18
159  15
160  20
161  12
162  19
163  11
164  14
165  11
166  18
167  12
168  14
169  12
170  20
171  6
172  9
173  11
174  12
175  13
176  7
177  11
178  15
179  8
180  11
181  12
182  10
183  14
184  8
185  10
186  10
187  9
188  12
189  13
190  9
191  3
192  12
193  13
194  15
195  10
196  9
197  10
198  10
199  7
200  6
201  9
202  11
203  8
204  10
205  7
206  5
207  12
208  8
209  7
210  7
211  7
212  9
213  12
214  14
215  6
216  6
217  10
218  14
219  15
220  13
221  8
222  8
223  10
224  8
225  15
226  13
227  8
228  10
229  10
230  6
231  8
232  13
233  10
234  10
235  6
236  10
237  13
238  10
239  9
240  12
241  13
242  11
243  17
244  9
245  10
246  7
247  12
248  6
249  14
250  11
251  11
252  11
253  8
254  9
255  15
256  7
257  11
258  14
259  7
260  9
261  11
262  9
263  7
264  7
265  7
266  7
267  3
268  9
269  11
270  7
271  8
272  5
273  6
274  7
275  8
276  7
277  8
278  5
279  4
280  3
281  9
282  5
283  2
284  7
285  10
286  4
287  7
288  8
289  2
290  10
291  12
292  3
293  3
294  6
295  9
296  7
297  5
298  6
299  7
300  12
301  11
302  6
303  8
304  9
305  11
306  8
307  7
308  7
309  9
310  5
311  11
312  14
313  15
314  14
315  14
316  11
317  12
318  5
319  8
320  7
321  13
322  8
323  9
324  8
325  10
326  6
327  6
328  5
329  10
330  4
331  2
332  4
333  4
334  6
335  2
336  5
337  1
338  4
339  3
340  2
341  2
342  1
343  3
344  2
345  1
346  1
347  6
348  3
349  2
350  2
351  1
352  2
353  4
354  1
355  1
356  2
357  4
358  0
359  4
360  3
361  2
362  2
363  0
364  2
365  1
366  3
367  1
368  0
369  0
370  2
371  1
372  1
373  2
374  1
375  0
376  1
377  0
378  1
379  1
380  1
381  2
382  4
383  1
384  1
385  1
386  2
387  1
388  1
389  1
390  1
391  2
392  1
393  1
394  0
395  1
396  0
397  0
398  1
399  0
400  2
401  0
402  0
403  0
404  2
405  1
406  1
407  0
408  0
409  0
410  0
411  0
412  1
413  1
414  0
415  0
416  0
417  1
418  0
419  2
420  0
421  1
422  2
423  1
424  1
425  0
426  0
427  0
428  2
429  0
430  0
431  1
432  2
433  1
434  0
435  1
436  0
437  1
438  0
439  1
440  0
441  0
442  0
443  0
444  2
445  0
446  2
447  0
448  1
449  0
450  0
451  1
452  0
453  0
454  1
455  0
456  1
457  0
458  0
459  0
460  2
461  1
462  0
463  0
464  2
465  0
466  1
467  1
468  0
469  0
470  2
471  1
472  0
473  0
474  1
475  0
476  0
477  0
478  1
479  0
480  0
481  0
482  0
483  0
484  1
485  0
486  0
487  2
488  0
489  1
490  1
491  0
492  0
493  0
494  0
495  0
496  1
497  2
498  0
499  0
500  1
501  0
502  1
503  0
504  1
505  1
506  1
507  1
508  0
509  0
510  0
511  0
512  0
513  0
514  2
515  0
516  0
517  0
518  0
519  0
520  0
521  0
522  0
523  0
524  0
525  0
526  0
527  0
528  0
529  0
530  0
531  0
532  0
533  0
534  0
535  0
536  0
537  0
538  0
539  0
540  0
541  0
542  0
543  0
544  0
545  0
546  0
547  0
548  0
549  0
550  0
551  0
552  0
553  0
554  1
555  0
556  0
557  0
558  0
559  0
560  0
561  0
562  0
563  0
564  0
565  0
566  0
567  0
568  0
569  0
570  0
571  0
572  0
573  0
574  0
575  0
576  0
577  0
578  0
579  0
580  0
581  0
582  0
583  0
584  0
585  0
586  0
587  0
588  0
589  0
590  0
591  0
592  0
593  0
594  0
595  0
596  0
597  0
598  0
599  0
600  0
601  0
602  0
603  0
604  0
605  0
606  0
607  0
608  0
609  0
610  0
611  0
612  0
613  0
614  0
615  0
616  0
617  0
618  0
619  0
620  0
621  0
622  0
623  0
624  0
625  0
626  0
627  0
628  0
629  0
630  0
631  0
632  0
633  0
634  0
635  0
636  0
637  0
638  0
639  0
640  0
641  0
642  0
643  0
644  0
645  0
646  0
647  0
648  0
649  0
650  0
651  0
652  0
653  0
654  0
655  0
656  0
657  0
658  0
659  0
660  0
661  0
662  0
663  0
664  0
665  0
666  0
667  0
668  0
669  0
670  0
671  0
672  0
673  0
674  0
675  0
676  0
677  0
678  0
679  0
680  0
681  0
682  0
683  0
684  0
685  0
686  0
687  0
688  0
689  0
690  0
691  0
692  0
693  0
694  0
695  0
696  0
697  0
698  0
699  0
700  0
701  0
702  0
703  0
704  0
705  0
706  0
707  0
708  0
709  0
710  0
711  0
712  0
713  0
714  0
715  0
716  0
717  0
718  0
719  0
720  0
721  0
722  0
723  0
724  0
725  0
726  0
727  0
728  0
729  0
730  0
731  0
732  0
733  0
734  0
735  0
736  0
737  0
738  0
739  0
740  0
741  0
742  0
743  0
744  0
745  0
746  0
747  0
748  0
749  0
750  0
751  0
752  0
753  0
754  0
755  0
756  0
757  0
758  0
759  0
760  0
761  0
762  0
763  0
764  0
765  0
766  0
767  0
768  0
769  0
770  0
771  0
772  0
773  0
774  0
775  0
776  0
777  0
778  0
779  0
780  0
781  0
782  0
783  0
784  0
785  0
786  0
787  0
788  0
789  0
790  0
791  0
792  0
793  0
794  0
795  0
796  0
797  0
798  0
799  0
800  0
801  0
802  0
803  0
804  0
805  0
806  0
807  0
808  0
809  0
810  0
811  0
812  0
813  0
814  0
815  0
816  0
817  0
818  0
819  0
820  0
821  0
822  0
823  0
824  0
825  0
826  0
827  0
828  0
829  0
830  0
831  0
832  0
833  0
834  0
835  0
836  0
837  0
838  0
839  0
840  0
841  0
842  0
843  0
844  0
845  0
846  0
847  0
848  0
849  0
850  0
851  0
852  0
853  0
854  0
855  0
856  0
857  0
858  0
859  0
860  0
861  0
862  0
863  0
864  0
865  0
866  0
867  0
868  0
869  0
870  0
871  0
872  0
873  0
874  0
875  0
876  0
877  0
878  0
879  0
880  0
881  0
882  0
883  0
884  0
885  0
886  0
887  0
888  0
889  0
890  0
891  0
892  0
893  0
894  0
895  0
896  0
897  0
898  0
899  0
900  0
901  0
902  0
903  0
904  0
905  0
906  0
907  0
908  0
909  0
910  0
911  0
912  0
913  0
914  0
915  0
916  0
917  0
918  0
919  0
920  0
921  0
922  0
923  0
924  0
925  0
926  0
927  0
928  0
929  0
930  0
931  0
932  0
933  0
934  0
935  0
936  0
937  0
938  0
939  0
940  0
941  0
942  0
943  0
944  0
945  0
946  0
947  0
948  0
949  0
950  0
951  0
952  0
953  0
954  0
955  0
956  0
957  0
958  0
959  0
960  0
961  0
962  0
963  0
964  0
965  0
966  0
967  0
968  0
969  0
970  0
971  0
972  0
973  0
974  0
975  0
976  0
977  0
978  0
979  0
980  0
981  0
982  0
983  0
984  0
985  0
986  0
987  0
988  0
989  0
990  0
991  0
992  0
993  0
994  0
995  0
996  0
997  0
998  0
999  0
1000  0
1001  0
1002  0
1003  0
1004  0
1005  0
1006  0
1007  0
1008  0
1009  0
1010  1
1011  0
1012  1
1013  1
1014  0
1015  0
1016  0
1017  1
1018  1
1019  0
1020  0
1021  0
1022  0
1023  2
