0  0
1  0
2  0
3  0
4  0
5  0
6  0
7  0
8  0
9  0
10  0
11  0
12  0
13  0
14  0
15  0
16  0
17  0
18  1
19  1
20  0
21  3
22  0
23  0
24  0
25  1
26  0
27  0
28  0
29  1
30  0
31  0
32  0
33  0
34  1
35  0
36  1
37  0
38  0
39  3
40  0
41  0
42  0
43  2
44  1
45  2
46  1
47  1
48  2
49  1
50  1
51  1
52  1
53  0
54  0
55  2
56  0
57  1
58  0
59  1
60  1
61  1
62  0
63  1
64  0
65  1
66  0
67  1
68  0
69  1
70  2
71  1
72  3
73  0
74  0
75  1
76  1
77  35
78  168
79  253
80  234
81  230
82  211
83  195
84  235
85  231
86  196
87  196
88  181
89  156
90  198
91  176
92  162
93  148
94  188
95  154
96  165
97  152
98  128
99  115
100  132
101  122
102  124
103  104
104  103
105  99
106  103
107  95
108  93
109  95
110  87
111  94
112  106
113  79
114  88
115  90
116  53
117  87
118  71
119  59
120  68
121  77
122  71
123  82
124  78
125  85
126  83
127  79
128  65
129  93
130  96
131  98
132  114
133  110
134  113
135  138
136  154
137  142
138  153
139  179
140  189
141  205
142  186
143  195
144  212
145  229
146  196
147  188
148  207
149  179
150  181
151  178
152  164
153  152
154  123
155  134
156  113
157  121
158  96
159  82
160  86
161  63
162  58
163  56
164  51
165  48
166  45
167  44
168  35
169  52
170  34
171  36
172  39
173  48
174  25
175  35
176  49
177  34
178  27
179  31
180  28
181  35
182  24
183  26
184  42
185  34
186  23
187  24
188  12
189  30
190  29
191  27
192  21
193  26
194  18
195  24
196  21
197  23
198  27
199  24
200  22
201  34
202  30
203  25
204  20
205  31
206  24
207  17
208  26
209  14
210  18
211  25
212  18
213  27
214  21
215  18
216  9
217  26
218  16
219  23
220  15
221  31
222  25
223  24
224  11
225  24
226  26
227  30
228  22
229  21
230  20
231  17
232  21
233  23
234  15
235  21
236  20
237  24
238  21
239  23
240  24
241  21
242  21
243  21
244  20
245  33
246  16
247  20
248  21
249  20
250  19
251  18
252  22
253  29
254  18
255  19
256  23
257  21
258  17
259  24
260  15
261  24
262  20
263  21
264  20
265  23
266  17
267  21
268  29
269  22
270  15
271  16
272  17
273  23
274  14
275  20
276  14
277  19
278  17
279  16
280  11
281  16
282  12
283  12
284  14
285  16
286  8
287  12
288  12
289  15
290  5
291  16
292  13
293  16
294  15
295  15
296  15
297  11
298  4
299  11
300  12
301  8
302  15
303  5
304  10
305  14
306  14
307  18
308  17
309  10
310  8
311  12
312  5
313  14
314  14
315  15
316  13
317  17
318  9
319  13
320  16
321  20
322  14
323  20
324  23
325  16
326  23
327  23
328  23
329  35
330  24
331  31
332  24
333  19
334  21
335  22
336  15
337  22
338  29
339  18
340  34
341  26
342  23
343  17
344  26
345  23
346  24
347  16
348  21
349  25
350  12
351  15
352  11
353  13
354  12
355  15
356  16
357  11
358  11
359  15
360  11
361  12
362  5
363  7
364  12
365  12
366  7
367  6
368  8
369  7
370  8
371  14
372  8
373  13
374  6
375  6
376  8
377  14
378  9
379  10
380  3
381  6
382  11
383  8
384  10
385  3
386  6
387  9
388  7
389  5
390  5
391  12
392  6
393  8
394  6
395  7
396  6
397  6
398  3
399  2
400  1
401  5
402  3
403  6
404  6
405  3
406  5
407  4
408  6
409  4
410  4
411  2
412  2
413  4
414  3
415  1
416  1
417  3
418  0
419  7
420  0
421  4
422  3
423  2
424  4
425  3
426  2
427  0
428  3
429  4
430  1
431  2
432  3
433  1
434  2
435  2
436  3
437  0
438  3
439  3
440  1
441  5
442  3
443  1
444  2
445  2
446  2
447  4
448  2
449  2
450  3
451  2
452  2
453  2
454  2
455  1
456  2
457  1
458  1
459  2
460  0
461  5
462  0
463  1
464  0
465  3
466  3
467  2
468  0
469  2
470  1
471  2
472  0
473  2
474  2
475  2
476  2
477  3
478  0
479  2
480  2
481  1
482  1
483  2
484  1
485  3
486  1
487  0
488  1
489  2
490  5
491  0
492  2
493  0
494  3
495  1
496  0
497  0
498  2
499  2
500  1
501  1
502  0
503  0
504  0
505  3
506  3
507  0
508  0
509  2
510  1
511  0
512  2
513  0
514  0
515  0
516  1
517  2
518  0
519  3
520  0
521  0
522  0
523  1
524  2
525  0
526  1
527  0
528  2
529  0
530  1
531  1
532  1
533  1
534  0
535  0
536  1
537  1
538  0
539  1
540  0
541  0
542  3
543  2
544  0
545  0
546  1
547  1
548  1
549  1
550  1
551  1
552  0
553  0
554  1
555  0
556  0
557  2
558  1
559  1
560  0
561  0
562  1
563  0
564  0
565  0
566  1
567  0
568  0
569  1
570  1
571  1
572  0
573  1
574  0
575  1
576  1
577  1
578  0
579  0
580  0
581  0
582  1
583  0
584  0
585  4
586  1
587  1
588  0
589  2
590  1
591  0
592  1
593  0
594  0
595  1
596  1
597  0
598  0
599  0
600  1
601  2
602  2
603  1
604  0
605  1
606  0
607  1
608  0
609  0
610  0
611  0
612  0
613  1
614  1
615  0
616  1
617  1
618  0
619  0
620  0
621  1
622  0
623  0
624  2
625  0
626  0
627  0
628  1
629  0
630  0
631  0
632  0
633  2
634  0
635  0
636  1
637  1
638  0
639  0
640  0
641  0
642  0
643  1
644  1
645  0
646  0
647  0
648  2
649  0
650  0
651  1
652  1
653  0
654  1
655  0
656  1
657  1
658  0
659  0
660  0
661  0
662  0
663  1
664  1
665  1
666  0
667  3
668  1
669  1
670  0
671  0
672  1
673  0
674  0
675  0
676  1
677  0
678  0
679  0
680  0
681  3
682  1
683  0
684  0
685  0
686  0
687  1
688  0
689  0
690  1
691  1
692  0
693  1
694  0
695  0
696  1
697  0
698  0
699  0
700  2
701  0
702  1
703  0
704  0
705  0
706  0
707  0
708  1
709  0
710  0
711  0
712  0
713  0
714  1
715  0
716  0
717  0
718  0
719  0
720  0
721  0
722  0
723  0
724  0
725  0
726  0
727  0
728  0
729  0
730  0
731  0
732  0
733  0
734  0
735  1
736  0
737  0
738  1
739  0
740  0
741  0
742  0
743  0
744  0
745  0
746  0
747  0
748  0
749  0
750  0
751  0
752  0
753  0
754  0
755  0
756  0
757  0
758  1
759  0
760  0
761  0
762  1
763  0
764  0
765  0
766  0
767  0
768  0
769  0
770  0
771  0
772  0
773  0
774  0
775  0
776  0
777  0
778  0
779  0
780  0
781  0
782  0
783  0
784  0
785  0
786  0
787  0
788  0
789  0
790  0
791  0
792  0
793  0
794  0
795  1
796  0
797  0
798  0
799  0
800  0
801  1
802  0
803  0
804  0
805  0
806  1
807  0
808  0
809  0
810  0
811  0
812  0
813  0
814  0
815  0
816  0
817  0
818  0
819  0
820  0
821  0
822  0
823  0
824  0
825  0
826  1
827  0
828  0
829  0
830  0
831  1
832  0
833  0
834  0
835  0
836  0
837  0
838  0
839  0
840  0
841  0
842  0
843  0
844  0
845  0
846  0
847  0
848  0
849  0
850  0
851  0
852  0
853  0
854  0
855  0
856  0
857  0
858  0
859  0
860  0
861  0
862  0
863  0
864  0
865  0
866  0
867  0
868  0
869  1
870  0
871  0
872  0
873  0
874  0
875  0
876  0
877  0
878  0
879  0
880  0
881  0
882  0
883  0
884  0
885  0
886  0
887  0
888  0
889  0
890  0
891  0
892  0
893  0
894  0
895  0
896  0
897  0
898  1
899  0
900  0
901  0
902  0
903  0
904  0
905  0
906  0
907  0
908  0
909  0
910  0
911  0
912  0
913  0
914  0
915  0
916  0
917  0
918  0
919  0
920  0
921  0
922  0
923  0
924  0
925  0
926  0
927  0
928  0
929  0
930  0
931  0
932  0
933  0
934  0
935  0
936  0
937  0
938  0
939  0
940  0
941  0
942  0
943  0
944  0
945  0
946  0
947  0
948  0
949  0
950  0
951  0
952  0
953  0
954  0
955  0
956  0
957  0
958  0
959  0
960  0
961  0
962  0
963  0
964  0
965  0
966  0
967  0
968  0
969  0
970  0
971  0
972  0
973  0
974  0
975  0
976  0
977  0
978  0
979  0
980  0
981  0
982  0
983  0
984  0
985  0
986  0
987  0
988  0
989  0
990  0
991  0
992  0
993  0
994  0
995  0
996  0
997  0
998  0
999  0
1000  0
1001  0
1002  0
1003  0
1004  0
1005  0
1006  0
1007  0
1008  0
1009  1
1010  0
1011  0
1012  0
1013  0
1014  0
1015  0
1016  0
1017  0
1018  0
1019  1
1020  0
1021  2
1022  0
1023  2
