0  0
1  0
2  0
3  0
4  0
5  0
6  0
7  0
8  0
9  0
10  0
11  0
12  0
13  0
14  0
15  9
16  13
17  6
18  11
19  9
20  8
21  11
22  9
23  11
24  9
25  9
26  16
27  6
28  9
29  9
30  6
31  15
32  10
33  7
34  8
35  12
36  9
37  10
38  7
39  6
40  9
41  13
42  7
43  11
44  5
45  6
46  10
47  11
48  7
49  13
50  11
51  12
52  7
53  11
54  13
55  11
56  9
57  13
58  13
59  18
60  17
61  11
62  5
63  8
64  12
65  12
66  6
67  5
68  6
69  11
70  4
71  13
72  12
73  12
74  9
75  11
76  6
77  27
78  149
79  236
80  236
81  273
82  210
83  213
84  182
85  228
86  207
87  179
88  210
89  208
90  212
91  164
92  157
93  166
94  176
95  137
96  148
97  173
98  155
99  148
100  122
101  134
102  122
103  131
104  128
105  118
106  112
107  109
108  111
109  97
110  78
111  98
112  83
113  76
114  72
115  70
116  70
117  93
118  49
119  53
120  70
121  62
122  73
123  85
124  78
125  68
126  72
127  83
128  85
129  82
130  86
131  93
132  114
133  124
134  136
135  134
136  136
137  158
138  178
139  163
140  169
141  214
142  210
143  216
144  188
145  216
146  193
147  195
148  219
149  147
150  189
151  182
152  127
153  154
154  130
155  119
156  100
157  94
158  81
159  74
160  70
161  75
162  73
163  68
164  55
165  51
166  54
167  44
168  50
169  47
170  38
171  46
172  41
173  28
174  35
175  33
176  39
177  31
178  39
179  39
180  29
181  22
182  35
183  19
184  22
185  32
186  30
187  31
188  26
189  22
190  17
191  23
192  27
193  35
194  27
195  22
196  29
197  30
198  27
199  28
200  31
201  26
202  25
203  20
204  24
205  28
206  25
207  24
208  27
209  28
210  21
211  27
212  22
213  18
214  20
215  29
216  27
217  23
218  23
219  20
220  22
221  30
222  28
223  28
224  21
225  18
226  28
227  21
228  17
229  21
230  21
231  21
232  17
233  18
234  14
235  19
236  22
237  20
238  23
239  19
240  21
241  23
242  31
243  13
244  20
245  23
246  23
247  32
248  16
249  24
250  15
251  25
252  20
253  29
254  13
255  29
256  18
257  18
258  24
259  34
260  12
261  24
262  17
263  24
264  20
265  22
266  29
267  22
268  17
269  22
270  18
271  18
272  21
273  21
274  22
275  10
276  15
277  23
278  20
279  12
280  14
281  14
282  25
283  22
284  19
285  23
286  13
287  14
288  14
289  17
290  10
291  12
292  9
293  12
294  12
295  11
296  12
297  12
298  10
299  12
300  12
301  14
302  16
303  16
304  13
305  12
306  10
307  9
308  10
309  11
310  15
311  10
312  10
313  19
314  8
315  18
316  17
317  17
318  16
319  18
320  22
321  18
322  22
323  19
324  24
325  26
326  33
327  21
328  27
329  20
330  25
331  17
332  15
333  31
334  20
335  23
336  30
337  25
338  24
339  20
340  23
341  20
342  16
343  25
344  18
345  23
346  15
347  24
348  11
349  22
350  15
351  12
352  23
353  12
354  16
355  16
356  12
357  19
358  10
359  12
360  11
361  4
362  4
363  8
364  11
365  8
366  14
367  4
368  9
369  10
370  7
371  5
372  13
373  6
374  12
375  3
376  9
377  7
378  9
379  6
380  5
381  4
382  3
383  7
384  5
385  5
386  4
387  7
388  5
389  6
390  4
391  10
392  6
393  4
394  5
395  3
396  4
397  11
398  12
399  4
400  4
401  2
402  6
403  3
404  3
405  6
406  3
407  6
408  1
409  2
410  5
411  4
412  2
413  6
414  3
415  4
416  2
417  4
418  3
419  2
420  0
421  1
422  4
423  3
424  1
425  1
426  1
427  1
428  2
429  1
430  1
431  3
432  0
433  1
434  2
435  2
436  3
437  1
438  6
439  1
440  2
441  1
442  1
443  0
444  1
445  3
446  3
447  0
448  1
449  2
450  2
451  3
452  2
453  1
454  2
455  1
456  2
457  0
458  1
459  3
460  2
461  4
462  1
463  1
464  1
465  1
466  2
467  0
468  3
469  3
470  1
471  3
472  1
473  1
474  0
475  0
476  2
477  1
478  0
479  1
480  2
481  3
482  1
483  1
484  1
485  4
486  0
487  0
488  1
489  3
490  3
491  0
492  1
493  0
494  0
495  1
496  1
497  0
498  0
499  0
500  2
501  2
502  2
503  1
504  0
505  1
506  1
507  0
508  0
509  2
510  0
511  0
512  0
513  0
514  0
515  0
516  1
517  0
518  1
519  0
520  0
521  0
522  1
523  0
524  1
525  1
526  2
527  2
528  3
529  0
530  1
531  2
532  3
533  0
534  0
535  0
536  0
537  1
538  1
539  2
540  1
541  4
542  0
543  0
544  2
545  1
546  0
547  0
548  0
549  0
550  3
551  1
552  2
553  2
554  0
555  0
556  0
557  1
558  3
559  0
560  0
561  1
562  1
563  1
564  0
565  2
566  0
567  1
568  1
569  1
570  1
571  0
572  1
573  2
574  1
575  1
576  1
577  0
578  1
579  2
580  1
581  0
582  1
583  0
584  1
585  0
586  0
587  2
588  1
589  1
590  1
591  0
592  2
593  0
594  1
595  0
596  1
597  0
598  1
599  0
600  0
601  0
602  1
603  0
604  0
605  1
606  1
607  0
608  0
609  0
610  1
611  0
612  0
613  0
614  0
615  1
616  0
617  0
618  0
619  1
620  1
621  0
622  0
623  0
624  0
625  0
626  1
627  1
628  0
629  0
630  2
631  0
632  1
633  0
634  0
635  0
636  1
637  0
638  1
639  0
640  0
641  0
642  0
643  0
644  2
645  0
646  0
647  1
648  1
649  1
650  0
651  1
652  0
653  1
654  0
655  0
656  0
657  0
658  0
659  0
660  0
661  1
662  0
663  1
664  0
665  2
666  1
667  0
668  0
669  0
670  1
671  0
672  0
673  1
674  0
675  0
676  1
677  1
678  1
679  1
680  0
681  0
682  1
683  1
684  1
685  0
686  1
687  0
688  1
689  1
690  0
691  0
692  1
693  1
694  0
695  1
696  0
697  1
698  0
699  1
700  0
701  0
702  0
703  1
704  0
705  0
706  0
707  1
708  1
709  0
710  0
711  0
712  1
713  0
714  0
715  0
716  1
717  0
718  0
719  0
720  0
721  0
722  0
723  0
724  0
725  0
726  0
727  0
728  0
729  1
730  0
731  0
732  0
733  0
734  0
735  0
736  0
737  1
738  0
739  0
740  0
741  0
742  0
743  0
744  0
745  0
746  0
747  0
748  1
749  1
750  0
751  0
752  0
753  0
754  1
755  0
756  0
757  0
758  0
759  0
760  0
761  1
762  0
763  0
764  0
765  0
766  0
767  0
768  0
769  0
770  0
771  2
772  0
773  0
774  0
775  0
776  1
777  0
778  0
779  0
780  0
781  0
782  0
783  0
784  0
785  0
786  0
787  0
788  0
789  0
790  0
791  0
792  0
793  0
794  0
795  0
796  0
797  0
798  1
799  0
800  1
801  0
802  0
803  0
804  0
805  0
806  1
807  0
808  0
809  0
810  0
811  0
812  2
813  1
814  0
815  0
816  0
817  0
818  0
819  0
820  0
821  0
822  0
823  0
824  1
825  0
826  0
827  0
828  0
829  0
830  0
831  0
832  0
833  0
834  1
835  0
836  0
837  0
838  0
839  0
840  0
841  0
842  0
843  0
844  0
845  0
846  0
847  0
848  0
849  0
850  0
851  0
852  0
853  0
854  0
855  0
856  0
857  0
858  0
859  0
860  0
861  0
862  0
863  0
864  0
865  0
866  0
867  0
868  0
869  0
870  0
871  0
872  0
873  0
874  0
875  0
876  1
877  0
878  0
879  0
880  0
881  0
882  1
883  0
884  0
885  0
886  0
887  0
888  0
889  1
890  0
891  0
892  0
893  0
894  0
895  0
896  0
897  0
898  0
899  1
900  1
901  1
902  0
903  0
904  0
905  0
906  0
907  0
908  0
909  0
910  0
911  0
912  0
913  0
914  0
915  0
916  0
917  0
918  0
919  0
920  0
921  0
922  0
923  0
924  0
925  0
926  0
927  0
928  0
929  0
930  0
931  0
932  0
933  0
934  0
935  0
936  0
937  0
938  0
939  0
940  0
941  0
942  0
943  0
944  0
945  0
946  0
947  0
948  0
949  0
950  0
951  0
952  0
953  0
954  0
955  0
956  0
957  0
958  1
959  0
960  0
961  0
962  0
963  0
964  0
965  0
966  0
967  0
968  0
969  0
970  0
971  0
972  0
973  0
974  0
975  0
976  0
977  0
978  0
979  0
980  0
981  0
982  0
983  0
984  0
985  0
986  0
987  0
988  0
989  0
990  0
991  0
992  0
993  0
994  0
995  0
996  0
997  0
998  0
999  0
1000  0
1001  0
1002  0
1003  0
1004  0
1005  0
1006  0
1007  0
1008  0
1009  0
1010  0
1011  0
1012  0
1013  0
1014  1
1015  0
1016  1
1017  0
1018  0
1019  0
1020  0
1021  0
1022  0
1023  1
