0  0
1  0
2  0
3  0
4  0
5  0
6  0
7  0
8  0
9  0
10  0
11  0
12  0
13  0
14  0
15  9
16  5
17  5
18  10
19  5
20  5
21  9
22  5
23  4
24  9
25  6
26  6
27  8
28  4
29  8
30  11
31  6
32  8
33  6
34  13
35  8
36  10
37  2
38  14
39  4
40  15
41  8
42  8
43  6
44  11
45  7
46  10
47  7
48  15
49  13
50  10
51  11
52  8
53  7
54  13
55  8
56  12
57  9
58  12
59  9
60  9
61  11
62  9
63  12
64  13
65  10
66  5
67  10
68  12
69  4
70  7
71  15
72  5
73  13
74  3
75  7
76  4
77  47
78  243
79  349
80  376
81  338
82  374
83  346
84  308
85  347
86  320
87  303
88  268
89  286
90  285
91  289
92  281
93  246
94  227
95  230
96  256
97  235
98  217
99  207
100  217
101  212
102  190
103  173
104  178
105  188
106  179
107  165
108  181
109  177
110  163
111  195
112  156
113  160
114  132
115  140
116  129
117  157
118  130
119  127
120  110
121  107
122  142
123  130
124  127
125  136
126  113
127  142
128  126
129  131
130  126
131  121
132  149
133  108
134  116
135  116
136  135
137  139
138  139
139  157
140  157
141  161
142  154
143  161
144  147
145  142
146  129
147  145
148  146
149  147
150  144
151  127
152  120
153  104
154  113
155  103
156  114
157  84
158  110
159  77
160  67
161  84
162  55
163  68
164  68
165  63
166  58
167  59
168  50
169  50
170  68
171  49
172  66
173  43
174  49
175  44
176  66
177  47
178  50
179  40
180  45
181  43
182  54
183  37
184  33
185  46
186  39
187  48
188  41
189  44
190  40
191  42
192  44
193  28
194  40
195  35
196  41
197  50
198  36
199  37
200  36
201  38
202  33
203  43
204  46
205  28
206  35
207  30
208  31
209  28
210  38
211  38
212  34
213  39
214  32
215  34
216  37
217  32
218  34
219  32
220  49
221  36
222  40
223  34
224  32
225  30
226  31
227  31
228  32
229  32
230  33
231  33
232  30
233  28
234  24
235  32
236  24
237  26
238  29
239  27
240  29
241  27
242  30
243  25
244  42
245  28
246  26
247  24
248  35
249  28
250  29
251  26
252  30
253  28
254  27
255  23
256  33
257  29
258  33
259  25
260  23
261  30
262  37
263  24
264  25
265  16
266  25
267  17
268  22
269  28
270  14
271  22
272  23
273  30
274  24
275  31
276  24
277  22
278  17
279  23
280  25
281  16
282  9
283  29
284  25
285  21
286  30
287  17
288  20
289  22
290  16
291  20
292  24
293  19
294  18
295  14
296  11
297  20
298  12
299  24
300  19
301  22
302  26
303  15
304  8
305  20
306  14
307  16
308  14
309  21
310  18
311  21
312  14
313  24
314  21
315  26
316  19
317  17
318  16
319  27
320  21
321  17
322  19
323  20
324  20
325  25
326  25
327  25
328  25
329  20
330  11
331  22
332  14
333  28
334  15
335  19
336  23
337  21
338  28
339  27
340  17
341  19
342  20
343  17
344  16
345  22
346  20
347  8
348  14
349  13
350  17
351  15
352  18
353  16
354  9
355  11
356  12
357  13
358  19
359  17
360  18
361  7
362  8
363  13
364  13
365  4
366  13
367  17
368  9
369  5
370  6
371  11
372  12
373  11
374  24
375  22
376  15
377  12
378  14
379  11
380  15
381  6
382  13
383  14
384  13
385  8
386  11
387  8
388  5
389  15
390  17
391  14
392  12
393  12
394  5
395  13
396  6
397  11
398  13
399  6
400  8
401  3
402  12
403  3
404  4
405  4
406  7
407  11
408  6
409  4
410  3
411  4
412  8
413  4
414  7
415  4
416  9
417  6
418  5
419  5
420  3
421  3
422  7
423  4
424  7
425  2
426  3
427  3
428  8
429  4
430  3
431  5
432  5
433  3
434  6
435  2
436  6
437  5
438  3
439  4
440  4
441  1
442  6
443  0
444  6
445  2
446  2
447  3
448  2
449  6
450  4
451  3
452  2
453  4
454  4
455  3
456  3
457  2
458  3
459  2
460  1
461  3
462  5
463  6
464  7
465  1
466  5
467  2
468  3
469  3
470  1
471  4
472  1
473  3
474  2
475  1
476  1
477  1
478  2
479  5
480  2
481  2
482  0
483  2
484  2
485  2
486  0
487  3
488  2
489  6
490  4
491  3
492  3
493  0
494  1
495  3
496  0
497  0
498  1
499  0
500  2
501  1
502  2
503  2
504  0
505  1
506  3
507  1
508  1
509  4
510  0
511  2
512  2
513  0
514  1
515  2
516  2
517  3
518  1
519  4
520  0
521  0
522  1
523  0
524  2
525  2
526  0
527  2
528  1
529  1
530  0
531  1
532  1
533  1
534  1
535  1
536  1
537  2
538  4
539  1
540  1
541  3
542  2
543  2
544  1
545  2
546  0
547  0
548  2
549  1
550  3
551  0
552  2
553  3
554  2
555  1
556  2
557  2
558  3
559  3
560  4
561  3
562  1
563  1
564  4
565  2
566  0
567  3
568  1
569  3
570  2
571  1
572  1
573  0
574  0
575  1
576  3
577  2
578  5
579  0
580  1
581  2
582  1
583  2
584  0
585  0
586  0
587  2
588  0
589  3
590  0
591  1
592  0
593  1
594  2
595  2
596  1
597  2
598  1
599  0
600  2
601  2
602  2
603  0
604  0
605  0
606  1
607  1
608  0
609  2
610  1
611  1
612  0
613  0
614  0
615  2
616  2
617  1
618  3
619  2
620  2
621  2
622  1
623  1
624  2
625  3
626  0
627  2
628  1
629  3
630  0
631  0
632  0
633  0
634  1
635  0
636  1
637  1
638  0
639  1
640  1
641  1
642  2
643  1
644  1
645  2
646  4
647  0
648  1
649  0
650  1
651  2
652  0
653  0
654  1
655  1
656  4
657  1
658  1
659  2
660  3
661  0
662  1
663  1
664  1
665  0
666  1
667  0
668  1
669  0
670  1
671  1
672  0
673  2
674  1
675  1
676  1
677  1
678  1
679  0
680  0
681  0
682  1
683  0
684  0
685  0
686  1
687  0
688  1
689  2
690  1
691  2
692  0
693  2
694  0
695  0
696  0
697  0
698  1
699  0
700  0
701  1
702  2
703  0
704  0
705  1
706  1
707  0
708  0
709  1
710  0
711  0
712  0
713  1
714  0
715  0
716  1
717  0
718  0
719  0
720  2
721  1
722  0
723  0
724  1
725  1
726  0
727  0
728  1
729  0
730  0
731  0
732  1
733  0
734  0
735  1
736  0
737  0
738  1
739  1
740  0
741  0
742  0
743  0
744  1
745  1
746  0
747  0
748  0
749  0
750  0
751  0
752  0
753  0
754  0
755  0
756  0
757  0
758  1
759  0
760  0
761  0
762  1
763  0
764  0
765  0
766  0
767  0
768  0
769  0
770  0
771  0
772  0
773  0
774  0
775  0
776  1
777  1
778  0
779  1
780  0
781  0
782  0
783  0
784  2
785  0
786  0
787  2
788  0
789  1
790  0
791  0
792  0
793  0
794  0
795  1
796  0
797  0
798  0
799  1
800  0
801  2
802  0
803  0
804  0
805  0
806  0
807  0
808  0
809  0
810  0
811  0
812  0
813  0
814  0
815  0
816  0
817  0
818  0
819  0
820  0
821  0
822  0
823  0
824  0
825  0
826  0
827  0
828  0
829  0
830  0
831  0
832  0
833  0
834  0
835  0
836  0
837  0
838  1
839  0
840  0
841  0
842  0
843  0
844  0
845  0
846  0
847  1
848  0
849  0
850  1
851  1
852  0
853  0
854  0
855  0
856  0
857  0
858  0
859  0
860  0
861  0
862  0
863  0
864  0
865  0
866  0
867  0
868  0
869  0
870  0
871  0
872  0
873  0
874  0
875  0
876  0
877  1
878  0
879  0
880  0
881  0
882  0
883  0
884  0
885  0
886  0
887  0
888  0
889  0
890  0
891  0
892  1
893  0
894  0
895  0
896  1
897  0
898  0
899  0
900  0
901  0
902  0
903  0
904  0
905  0
906  0
907  0
908  0
909  0
910  0
911  0
912  0
913  0
914  0
915  0
916  0
917  0
918  0
919  0
920  0
921  0
922  0
923  0
924  0
925  0
926  0
927  0
928  0
929  0
930  0
931  0
932  0
933  0
934  0
935  0
936  0
937  0
938  0
939  0
940  0
941  0
942  0
943  0
944  0
945  0
946  0
947  0
948  0
949  0
950  0
951  0
952  0
953  0
954  0
955  0
956  0
957  0
958  0
959  0
960  0
961  0
962  0
963  0
964  0
965  0
966  0
967  0
968  0
969  0
970  0
971  0
972  0
973  0
974  0
975  0
976  0
977  0
978  0
979  0
980  0
981  0
982  0
983  0
984  0
985  0
986  0
987  0
988  0
989  0
990  0
991  0
992  0
993  0
994  0
995  0
996  0
997  0
998  0
999  0
1000  0
1001  0
1002  1
1003  0
1004  0
1005  0
1006  0
1007  0
1008  0
1009  0
1010  0
1011  0
1012  0
1013  0
1014  0
1015  0
1016  0
1017  0
1018  1
1019  0
1020  0
1021  0
1022  0
1023  1
