0  0
1  0
2  0
3  0
4  0
5  0
6  0
7  0
8  0
9  0
10  0
11  0
12  0
13  0
14  0
15  9
16  10
17  6
18  7
19  8
20  9
21  14
22  9
23  13
24  10
25  14
26  9
27  5
28  11
29  9
30  9
31  11
32  11
33  10
34  16
35  12
36  6
37  8
38  8
39  10
40  8
41  6
42  12
43  11
44  12
45  10
46  10
47  6
48  6
49  9
50  12
51  6
52  11
53  10
54  5
55  5
56  17
57  65
58  151
59  305
60  341
61  377
62  357
63  330
64  337
65  309
66  280
67  290
68  276
69  282
70  276
71  264
72  250
73  230
74  226
75  221
76  168
77  222
78  220
79  196
80  158
81  185
82  179
83  169
84  160
85  161
86  160
87  152
88  163
89  135
90  148
91  138
92  116
93  139
94  109
95  89
96  123
97  86
98  112
99  88
100  93
101  90
102  78
103  76
104  84
105  70
106  75
107  61
108  74
109  74
110  83
111  75
112  61
113  72
114  74
115  94
116  109
117  90
118  90
119  99
120  118
121  116
122  139
123  126
124  112
125  138
126  144
127  145
128  149
129  175
130  171
131  168
132  205
133  194
134  190
135  186
136  186
137  206
138  211
139  148
140  168
141  137
142  107
143  116
144  98
145  106
146  65
147  71
148  58
149  54
150  41
151  44
152  37
153  32
154  36
155  28
156  33
157  40
158  37
159  33
160  19
161  30
162  18
163  33
164  27
165  20
166  24
167  36
168  25
169  31
170  35
171  25
172  26
173  32
174  35
175  25
176  21
177  24
178  25
179  18
180  15
181  28
182  23
183  13
184  18
185  33
186  25
187  24
188  21
189  23
190  16
191  17
192  25
193  22
194  16
195  17
196  21
197  20
198  16
199  21
200  24
201  21
202  22
203  18
204  15
205  17
206  13
207  15
208  17
209  29
210  14
211  15
212  18
213  12
214  23
215  17
216  26
217  22
218  25
219  29
220  22
221  26
222  14
223  25
224  15
225  26
226  16
227  19
228  25
229  22
230  14
231  14
232  24
233  16
234  19
235  15
236  26
237  17
238  22
239  18
240  17
241  17
242  20
243  17
244  28
245  26
246  20
247  17
248  27
249  21
250  22
251  19
252  22
253  24
254  24
255  15
256  11
257  19
258  20
259  24
260  16
261  21
262  19
263  23
264  14
265  12
266  16
267  10
268  24
269  9
270  13
271  19
272  16
273  11
274  18
275  7
276  9
277  14
278  10
279  9
280  13
281  10
282  11
283  10
284  8
285  13
286  19
287  10
288  4
289  14
290  9
291  4
292  12
293  10
294  16
295  13
296  17
297  12
298  7
299  12
300  14
301  13
302  11
303  17
304  9
305  12
306  12
307  12
308  13
309  16
310  16
311  18
312  21
313  18
314  28
315  15
316  31
317  20
318  13
319  15
320  20
321  18
322  28
323  10
324  24
325  26
326  12
327  12
328  24
329  19
330  17
331  19
332  11
333  11
334  10
335  7
336  9
337  6
338  8
339  8
340  4
341  5
342  10
343  7
344  6
345  10
346  7
347  4
348  5
349  4
350  3
351  5
352  3
353  5
354  5
355  4
356  5
357  7
358  0
359  6
360  3
361  5
362  7
363  2
364  6
365  4
366  6
367  4
368  5
369  4
370  3
371  3
372  6
373  1
374  3
375  4
376  4
377  0
378  4
379  6
380  2
381  0
382  3
383  3
384  6
385  7
386  1
387  3
388  1
389  1
390  1
391  1
392  3
393  1
394  1
395  2
396  1
397  1
398  2
399  3
400  1
401  0
402  1
403  0
404  2
405  3
406  1
407  2
408  1
409  4
410  0
411  2
412  4
413  1
414  2
415  2
416  3
417  3
418  0
419  2
420  2
421  1
422  0
423  0
424  2
425  1
426  1
427  0
428  2
429  1
430  1
431  1
432  0
433  2
434  1
435  1
436  0
437  1
438  0
439  0
440  0
441  1
442  1
443  1
444  2
445  2
446  1
447  0
448  2
449  3
450  0
451  3
452  5
453  3
454  1
455  1
456  0
457  0
458  1
459  0
460  1
461  0
462  1
463  1
464  1
465  1
466  3
467  0
468  0
469  1
470  0
471  1
472  2
473  1
474  4
475  0
476  0
477  3
478  1
479  1
480  0
481  0
482  0
483  0
484  2
485  2
486  0
487  0
488  0
489  0
490  0
491  0
492  1
493  0
494  0
495  0
496  1
497  1
498  0
499  0
500  0
501  1
502  0
503  0
504  0
505  0
506  0
507  1
508  1
509  1
510  2
511  1
512  1
513  1
514  0
515  0
516  1
517  0
518  2
519  1
520  0
521  0
522  0
523  2
524  2
525  2
526  2
527  1
528  1
529  1
530  0
531  1
532  2
533  0
534  0
535  1
536  1
537  0
538  1
539  0
540  0
541  1
542  0
543  0
544  0
545  0
546  0
547  0
548  0
549  0
550  0
551  0
552  0
553  0
554  0
555  0
556  0
557  0
558  0
559  0
560  0
561  0
562  0
563  0
564  0
565  0
566  0
567  0
568  0
569  0
570  0
571  0
572  0
573  0
574  0
575  0
576  0
577  0
578  0
579  0
580  0
581  0
582  0
583  0
584  0
585  0
586  0
587  0
588  0
589  0
590  0
591  0
592  0
593  0
594  0
595  0
596  0
597  0
598  0
599  0
600  0
601  0
602  0
603  0
604  0
605  0
606  0
607  0
608  0
609  0
610  0
611  0
612  0
613  0
614  0
615  0
616  0
617  0
618  0
619  0
620  0
621  0
622  0
623  0
624  0
625  0
626  0
627  0
628  0
629  0
630  0
631  0
632  0
633  0
634  0
635  0
636  0
637  0
638  0
639  0
640  0
641  0
642  0
643  0
644  0
645  0
646  0
647  0
648  0
649  0
650  0
651  0
652  0
653  0
654  0
655  0
656  0
657  0
658  0
659  0
660  0
661  0
662  0
663  0
664  0
665  0
666  0
667  0
668  0
669  0
670  0
671  0
672  0
673  0
674  0
675  0
676  0
677  0
678  0
679  0
680  0
681  0
682  0
683  0
684  0
685  0
686  0
687  0
688  0
689  0
690  0
691  0
692  0
693  0
694  0
695  0
696  0
697  0
698  0
699  0
700  0
701  0
702  0
703  0
704  0
705  0
706  0
707  0
708  0
709  0
710  0
711  0
712  0
713  0
714  0
715  0
716  0
717  0
718  0
719  0
720  0
721  0
722  0
723  0
724  0
725  0
726  0
727  0
728  0
729  0
730  0
731  0
732  0
733  0
734  0
735  0
736  0
737  0
738  0
739  0
740  0
741  0
742  0
743  0
744  0
745  0
746  0
747  0
748  0
749  0
750  0
751  0
752  0
753  0
754  0
755  0
756  0
757  0
758  0
759  0
760  0
761  0
762  0
763  0
764  0
765  0
766  0
767  0
768  0
769  0
770  0
771  0
772  0
773  0
774  0
775  0
776  0
777  0
778  0
779  0
780  0
781  0
782  0
783  0
784  0
785  0
786  0
787  0
788  0
789  0
790  0
791  0
792  0
793  0
794  0
795  0
796  0
797  0
798  0
799  0
800  0
801  0
802  0
803  0
804  0
805  0
806  0
807  0
808  0
809  0
810  0
811  0
812  0
813  0
814  0
815  0
816  0
817  0
818  0
819  0
820  0
821  0
822  0
823  0
824  0
825  0
826  0
827  0
828  0
829  0
830  0
831  0
832  0
833  0
834  0
835  0
836  0
837  0
838  0
839  0
840  0
841  0
842  0
843  0
844  0
845  0
846  0
847  0
848  0
849  0
850  0
851  0
852  0
853  0
854  0
855  0
856  0
857  0
858  0
859  0
860  0
861  0
862  0
863  0
864  0
865  0
866  0
867  0
868  0
869  0
870  0
871  0
872  0
873  0
874  0
875  0
876  0
877  0
878  0
879  0
880  0
881  0
882  0
883  0
884  0
885  0
886  0
887  0
888  0
889  0
890  0
891  0
892  0
893  0
894  0
895  0
896  0
897  0
898  0
899  0
900  0
901  0
902  0
903  0
904  0
905  0
906  0
907  0
908  0
909  0
910  0
911  0
912  0
913  0
914  0
915  0
916  0
917  0
918  0
919  0
920  0
921  0
922  0
923  0
924  0
925  0
926  0
927  0
928  0
929  0
930  0
931  0
932  0
933  0
934  0
935  0
936  0
937  0
938  0
939  0
940  0
941  0
942  0
943  0
944  0
945  0
946  0
947  0
948  0
949  0
950  0
951  0
952  0
953  0
954  0
955  0
956  0
957  0
958  0
959  0
960  0
961  0
962  0
963  0
964  0
965  0
966  0
967  0
968  0
969  0
970  0
971  0
972  0
973  0
974  0
975  0
976  0
977  0
978  0
979  0
980  0
981  0
982  0
983  0
984  0
985  0
986  0
987  0
988  0
989  0
990  0
991  0
992  0
993  0
994  0
995  0
996  0
997  0
998  0
999  0
1000  1
1001  0
1002  0
1003  0
1004  0
1005  0
1006  0
1007  1
1008  0
1009  0
1010  0
1011  0
1012  1
1013  0
1014  0
1015  0
1016  0
1017  0
1018  2
1019  1
1020  0
1021  1
1022  0
1023  2
