0  0
1  0
2  0
3  0
4  0
5  0
6  0
7  0
8  0
9  0
10  0
11  0
12  0
13  0
14  0
15  8
16  5
17  7
18  6
19  9
20  4
21  6
22  2
23  6
24  1
25  6
26  4
27  1
28  3
29  8
30  4
31  4
32  3
33  3
34  1
35  4
36  1
37  3
38  3
39  5
40  4
41  6
42  3
43  5
44  3
45  11
46  1
47  2
48  2
49  5
50  4
51  3
52  8
53  3
54  5
55  2
56  3
57  20
58  74
59  188
60  288
61  283
62  276
63  248
64  262
65  248
66  243
67  249
68  234
69  235
70  212
71  186
72  189
73  185
74  189
75  178
76  157
77  167
78  161
79  151
80  157
81  153
82  148
83  148
84  132
85  133
86  124
87  115
88  121
89  104
90  100
91  121
92  106
93  83
94  90
95  94
96  93
97  75
98  78
99  80
100  93
101  65
102  66
103  69
104  54
105  57
106  69
107  65
108  69
109  62
110  55
111  48
112  65
113  49
114  53
115  59
116  74
117  53
118  70
119  75
120  61
121  80
122  84
123  79
124  72
125  99
126  92
127  94
128  128
129  118
130  122
131  112
132  160
133  144
134  163
135  191
136  175
137  157
138  146
139  147
140  165
141  145
142  131
143  115
144  119
145  79
146  77
147  55
148  50
149  49
150  37
151  25
152  31
153  23
154  26
155  23
156  24
157  27
158  23
159  25
160  22
161  22
162  29
163  25
164  21
165  21
166  22
167  18
168  18
169  24
170  24
171  23
172  16
173  17
174  25
175  10
176  17
177  20
178  11
179  15
180  25
181  17
182  19
183  18
184  17
185  15
186  17
187  26
188  10
189  19
190  16
191  15
192  24
193  12
194  15
195  20
196  12
197  9
198  19
199  20
200  20
201  16
202  15
203  17
204  16
205  13
206  19
207  25
208  16
209  18
210  19
211  17
212  18
213  11
214  10
215  23
216  10
217  13
218  21
219  15
220  13
221  16
222  14
223  14
224  17
225  17
226  18
227  12
228  10
229  12
230  12
231  16
232  17
233  20
234  15
235  11
236  15
237  13
238  20
239  15
240  13
241  16
242  16
243  12
244  11
245  16
246  13
247  12
248  26
249  13
250  17
251  14
252  11
253  11
254  9
255  5
256  18
257  13
258  13
259  23
260  11
261  9
262  16
263  16
264  9
265  14
266  9
267  17
268  17
269  12
270  12
271  20
272  21
273  9
274  11
275  13
276  8
277  8
278  5
279  6
280  9
281  10
282  16
283  9
284  8
285  10
286  8
287  5
288  8
289  10
290  9
291  11
292  9
293  7
294  5
295  8
296  6
297  7
298  6
299  9
300  5
301  12
302  8
303  13
304  6
305  10
306  13
307  11
308  11
309  16
310  12
311  14
312  15
313  10
314  11
315  15
316  8
317  8
318  17
319  14
320  16
321  19
322  12
323  17
324  15
325  18
326  14
327  12
328  10
329  14
330  14
331  7
332  7
333  9
334  8
335  6
336  8
337  12
338  8
339  5
340  3
341  6
342  8
343  4
344  7
345  3
346  5
347  10
348  3
349  4
350  2
351  2
352  3
353  5
354  6
355  3
356  4
357  3
358  5
359  2
360  0
361  3
362  3
363  4
364  3
365  4
366  4
367  2
368  5
369  3
370  6
371  2
372  5
373  2
374  8
375  6
376  5
377  1
378  3
379  3
380  0
381  1
382  0
383  2
384  1
385  3
386  0
387  2
388  1
389  2
390  1
391  0
392  1
393  1
394  0
395  2
396  1
397  0
398  3
399  3
400  0
401  1
402  0
403  2
404  1
405  2
406  1
407  0
408  0
409  0
410  0
411  1
412  0
413  1
414  0
415  1
416  1
417  1
418  2
419  2
420  0
421  0
422  2
423  2
424  0
425  0
426  0
427  0
428  1
429  1
430  0
431  2
432  1
433  0
434  1
435  1
436  2
437  0
438  1
439  2
440  0
441  0
442  0
443  0
444  3
445  1
446  0
447  0
448  0
449  2
450  0
451  1
452  0
453  2
454  4
455  1
456  2
457  1
458  0
459  0
460  0
461  0
462  1
463  1
464  1
465  0
466  0
467  1
468  0
469  0
470  1
471  0
472  1
473  1
474  2
475  0
476  0
477  1
478  0
479  0
480  1
481  2
482  2
483  1
484  0
485  0
486  0
487  1
488  0
489  1
490  0
491  0
492  0
493  1
494  1
495  0
496  0
497  0
498  0
499  1
500  0
501  0
502  1
503  0
504  1
505  0
506  0
507  0
508  1
509  1
510  0
511  2
512  3
513  0
514  0
515  1
516  1
517  1
518  0
519  0
520  3
521  1
522  1
523  0
524  1
525  0
526  0
527  0
528  0
529  0
530  0
531  0
532  0
533  0
534  0
535  1
536  0
537  0
538  0
539  0
540  2
541  1
542  0
543  0
544  1
545  0
546  0
547  0
548  0
549  0
550  0
551  0
552  0
553  0
554  0
555  0
556  0
557  0
558  0
559  0
560  0
561  0
562  0
563  0
564  0
565  0
566  0
567  0
568  0
569  0
570  0
571  0
572  0
573  0
574  0
575  0
576  0
577  0
578  0
579  0
580  0
581  0
582  0
583  1
584  0
585  0
586  0
587  0
588  0
589  0
590  0
591  0
592  0
593  0
594  0
595  0
596  0
597  0
598  0
599  0
600  0
601  0
602  0
603  0
604  0
605  0
606  0
607  0
608  0
609  0
610  0
611  0
612  0
613  0
614  0
615  0
616  0
617  0
618  0
619  0
620  0
621  0
622  0
623  0
624  0
625  0
626  0
627  0
628  0
629  0
630  0
631  0
632  0
633  0
634  0
635  0
636  0
637  0
638  0
639  0
640  0
641  0
642  0
643  0
644  0
645  0
646  0
647  0
648  0
649  0
650  0
651  0
652  0
653  0
654  0
655  0
656  0
657  0
658  0
659  0
660  0
661  0
662  0
663  0
664  0
665  0
666  0
667  0
668  0
669  0
670  0
671  0
672  0
673  0
674  0
675  0
676  0
677  0
678  0
679  0
680  0
681  0
682  0
683  0
684  0
685  0
686  0
687  0
688  0
689  0
690  0
691  0
692  0
693  0
694  0
695  0
696  0
697  0
698  0
699  0
700  0
701  0
702  0
703  0
704  0
705  0
706  0
707  0
708  0
709  0
710  0
711  0
712  0
713  0
714  0
715  0
716  0
717  0
718  0
719  0
720  0
721  0
722  0
723  0
724  0
725  0
726  0
727  0
728  0
729  0
730  0
731  0
732  0
733  0
734  0
735  0
736  0
737  0
738  0
739  0
740  0
741  0
742  0
743  0
744  0
745  0
746  0
747  0
748  0
749  0
750  0
751  0
752  0
753  0
754  0
755  0
756  0
757  0
758  0
759  0
760  0
761  0
762  0
763  0
764  0
765  0
766  0
767  0
768  0
769  0
770  0
771  0
772  0
773  0
774  0
775  0
776  0
777  0
778  0
779  0
780  0
781  0
782  0
783  0
784  0
785  0
786  0
787  0
788  0
789  0
790  0
791  0
792  0
793  0
794  0
795  0
796  0
797  0
798  0
799  0
800  0
801  0
802  0
803  0
804  0
805  0
806  0
807  0
808  0
809  0
810  0
811  0
812  0
813  0
814  0
815  0
816  0
817  0
818  0
819  0
820  0
821  0
822  0
823  0
824  0
825  0
826  0
827  0
828  0
829  0
830  0
831  0
832  0
833  0
834  0
835  0
836  0
837  0
838  0
839  0
840  0
841  0
842  0
843  0
844  0
845  0
846  0
847  0
848  0
849  0
850  0
851  0
852  0
853  0
854  0
855  0
856  0
857  0
858  0
859  0
860  0
861  0
862  0
863  0
864  0
865  0
866  0
867  0
868  0
869  0
870  0
871  0
872  0
873  0
874  0
875  0
876  0
877  0
878  0
879  0
880  0
881  0
882  0
883  0
884  0
885  0
886  0
887  0
888  0
889  0
890  0
891  0
892  0
893  0
894  0
895  0
896  0
897  0
898  0
899  0
900  0
901  0
902  0
903  0
904  0
905  0
906  0
907  0
908  0
909  0
910  0
911  0
912  0
913  0
914  0
915  0
916  0
917  0
918  0
919  0
920  0
921  0
922  0
923  0
924  0
925  0
926  0
927  0
928  0
929  0
930  0
931  0
932  0
933  0
934  0
935  0
936  0
937  0
938  0
939  0
940  0
941  0
942  0
943  0
944  0
945  0
946  0
947  0
948  0
949  0
950  0
951  0
952  0
953  0
954  0
955  0
956  0
957  0
958  0
959  0
960  0
961  0
962  0
963  0
964  0
965  0
966  0
967  0
968  0
969  0
970  0
971  0
972  0
973  0
974  0
975  0
976  0
977  0
978  0
979  0
980  0
981  0
982  0
983  0
984  0
985  0
986  0
987  0
988  0
989  0
990  0
991  0
992  0
993  0
994  0
995  0
996  0
997  0
998  0
999  0
1000  0
1001  0
1002  0
1003  0
1004  0
1005  0
1006  0
1007  0
1008  0
1009  0
1010  1
1011  0
1012  0
1013  0
1014  0
1015  0
1016  0
1017  0
1018  0
1019  0
1020  0
1021  0
1022  1
1023  1
