0  0
1  0
2  0
3  0
4  0
5  0
6  0
7  0
8  0
9  0
10  0
11  0
12  0
13  0
14  0
15  3
16  4
17  3
18  1
19  3
20  0
21  7
22  2
23  2
24  1
25  4
26  5
27  3
28  7
29  6
30  1
31  5
32  3
33  3
34  6
35  1
36  4
37  8
38  0
39  2
40  3
41  2
42  3
43  3
44  4
45  7
46  6
47  4
48  7
49  5
50  6
51  4
52  2
53  6
54  7
55  4
56  7
57  8
58  4
59  6
60  9
61  6
62  3
63  2
64  4
65  5
66  3
67  5
68  2
69  4
70  7
71  5
72  6
73  2
74  5
75  2
76  2
77  57
78  344
79  466
80  486
81  496
82  445
83  469
84  374
85  427
86  411
87  360
88  348
89  341
90  330
91  323
92  314
93  332
94  345
95  303
96  270
97  291
98  300
99  264
100  242
101  273
102  232
103  230
104  244
105  225
106  189
107  223
108  195
109  206
110  195
111  196
112  192
113  187
114  169
115  186
116  200
117  162
118  164
119  141
120  180
121  160
122  153
123  152
124  152
125  118
126  140
127  154
128  116
129  145
130  143
131  135
132  115
133  133
134  132
135  132
136  116
137  118
138  114
139  132
140  120
141  109
142  130
143  119
144  131
145  110
146  115
147  120
148  103
149  99
150  104
151  118
152  109
153  96
154  92
155  86
156  103
157  95
158  86
159  83
160  78
161  88
162  94
163  81
164  66
165  69
166  96
167  77
168  70
169  84
170  75
171  81
172  68
173  64
174  61
175  69
176  53
177  66
178  71
179  53
180  34
181  74
182  65
183  62
184  45
185  53
186  54
187  57
188  69
189  54
190  37
191  39
192  42
193  47
194  44
195  48
196  53
197  53
198  26
199  46
200  41
201  41
202  44
203  42
204  54
205  52
206  50
207  45
208  48
209  43
210  47
211  52
212  49
213  52
214  46
215  40
216  37
217  39
218  27
219  39
220  30
221  39
222  49
223  46
224  45
225  56
226  35
227  42
228  45
229  40
230  33
231  25
232  28
233  34
234  36
235  44
236  39
237  32
238  34
239  41
240  40
241  39
242  34
243  37
244  29
245  30
246  29
247  36
248  32
249  31
250  25
251  26
252  37
253  36
254  32
255  41
256  36
257  29
258  28
259  32
260  37
261  24
262  26
263  28
264  31
265  22
266  27
267  35
268  24
269  32
270  26
271  28
272  31
273  20
274  30
275  35
276  23
277  26
278  31
279  37
280  28
281  24
282  16
283  16
284  25
285  35
286  26
287  22
288  19
289  38
290  22
291  22
292  26
293  19
294  24
295  23
296  21
297  22
298  24
299  29
300  23
301  26
302  19
303  23
304  20
305  28
306  31
307  31
308  17
309  22
310  24
311  24
312  25
313  21
314  16
315  19
316  25
317  23
318  16
319  20
320  21
321  22
322  26
323  20
324  19
325  15
326  12
327  17
328  21
329  22
330  27
331  20
332  20
333  14
334  24
335  19
336  25
337  15
338  26
339  15
340  22
341  18
342  24
343  17
344  17
345  17
346  21
347  15
348  21
349  21
350  15
351  12
352  16
353  13
354  11
355  12
356  11
357  21
358  15
359  18
360  11
361  12
362  13
363  11
364  19
365  8
366  13
367  15
368  16
369  18
370  14
371  19
372  13
373  16
374  11
375  11
376  26
377  18
378  13
379  20
380  19
381  12
382  15
383  10
384  14
385  13
386  14
387  17
388  26
389  16
390  17
391  11
392  16
393  19
394  12
395  14
396  17
397  10
398  8
399  8
400  10
401  13
402  5
403  11
404  15
405  16
406  6
407  5
408  5
409  9
410  10
411  8
412  9
413  2
414  7
415  6
416  8
417  8
418  8
419  4
420  9
421  9
422  7
423  5
424  6
425  2
426  5
427  4
428  7
429  6
430  3
431  3
432  4
433  6
434  5
435  3
436  2
437  5
438  4
439  2
440  6
441  4
442  7
443  4
444  2
445  9
446  0
447  3
448  4
449  4
450  4
451  4
452  3
453  3
454  0
455  4
456  4
457  5
458  2
459  11
460  4
461  5
462  7
463  6
464  3
465  5
466  4
467  0
468  6
469  4
470  6
471  7
472  3
473  2
474  8
475  6
476  6
477  3
478  4
479  6
480  3
481  3
482  5
483  0
484  0
485  7
486  6
487  8
488  7
489  3
490  7
491  3
492  2
493  4
494  3
495  2
496  1
497  1
498  4
499  5
500  2
501  5
502  3
503  5
504  4
505  2
506  3
507  1
508  2
509  3
510  5
511  1
512  3
513  5
514  1
515  1
516  3
517  1
518  0
519  1
520  1
521  3
522  1
523  3
524  1
525  6
526  1
527  1
528  2
529  1
530  1
531  1
532  1
533  2
534  3
535  2
536  2
537  3
538  6
539  1
540  1
541  2
542  0
543  4
544  1
545  1
546  4
547  1
548  0
549  4
550  3
551  2
552  6
553  1
554  3
555  1
556  1
557  0
558  0
559  4
560  1
561  0
562  4
563  4
564  1
565  3
566  5
567  0
568  4
569  2
570  2
571  4
572  4
573  4
574  4
575  4
576  2
577  2
578  1
579  0
580  4
581  1
582  4
583  1
584  0
585  3
586  3
587  4
588  1
589  3
590  1
591  1
592  2
593  2
594  2
595  0
596  3
597  2
598  1
599  1
600  2
601  1
602  0
603  4
604  2
605  2
606  3
607  2
608  4
609  0
610  1
611  2
612  2
613  1
614  3
615  1
616  0
617  2
618  1
619  1
620  0
621  2
622  0
623  2
624  1
625  1
626  0
627  3
628  1
629  1
630  1
631  4
632  0
633  0
634  1
635  1
636  4
637  1
638  0
639  3
640  1
641  0
642  1
643  1
644  1
645  1
646  2
647  1
648  0
649  1
650  1
651  0
652  1
653  0
654  2
655  4
656  0
657  2
658  1
659  1
660  0
661  0
662  1
663  2
664  4
665  1
666  0
667  0
668  1
669  1
670  0
671  1
672  3
673  0
674  0
675  1
676  6
677  0
678  0
679  2
680  0
681  2
682  1
683  1
684  2
685  0
686  0
687  0
688  1
689  1
690  0
691  0
692  0
693  0
694  0
695  1
696  1
697  2
698  2
699  0
700  0
701  1
702  1
703  1
704  0
705  0
706  1
707  0
708  1
709  0
710  0
711  0
712  0
713  2
714  0
715  0
716  0
717  0
718  0
719  2
720  0
721  0
722  0
723  0
724  0
725  0
726  0
727  0
728  0
729  0
730  0
731  0
732  1
733  1
734  0
735  1
736  0
737  1
738  0
739  0
740  0
741  0
742  2
743  0
744  0
745  1
746  0
747  0
748  1
749  1
750  0
751  0
752  0
753  0
754  0
755  0
756  0
757  0
758  0
759  0
760  0
761  0
762  0
763  0
764  0
765  0
766  0
767  0
768  0
769  1
770  0
771  1
772  0
773  0
774  0
775  0
776  0
777  0
778  0
779  1
780  0
781  0
782  0
783  0
784  0
785  0
786  0
787  0
788  0
789  0
790  0
791  0
792  1
793  0
794  0
795  0
796  0
797  0
798  0
799  1
800  0
801  0
802  0
803  0
804  0
805  1
806  0
807  1
808  0
809  1
810  0
811  0
812  0
813  0
814  0
815  0
816  0
817  0
818  1
819  0
820  0
821  0
822  0
823  0
824  0
825  0
826  0
827  0
828  1
829  0
830  0
831  0
832  0
833  0
834  0
835  0
836  0
837  1
838  1
839  0
840  0
841  0
842  0
843  0
844  0
845  0
846  0
847  0
848  0
849  0
850  1
851  0
852  0
853  0
854  0
855  1
856  0
857  0
858  0
859  0
860  0
861  0
862  0
863  1
864  1
865  1
866  0
867  0
868  0
869  1
870  0
871  1
872  0
873  0
874  0
875  0
876  0
877  0
878  0
879  1
880  0
881  0
882  0
883  1
884  0
885  0
886  1
887  0
888  1
889  1
890  0
891  0
892  0
893  0
894  0
895  1
896  0
897  0
898  0
899  0
900  0
901  0
902  0
903  0
904  0
905  0
906  0
907  0
908  0
909  0
910  0
911  0
912  0
913  0
914  0
915  0
916  0
917  0
918  0
919  0
920  0
921  0
922  0
923  0
924  0
925  0
926  0
927  0
928  0
929  0
930  0
931  0
932  0
933  0
934  0
935  0
936  0
937  0
938  0
939  0
940  0
941  0
942  0
943  0
944  0
945  0
946  0
947  0
948  0
949  0
950  0
951  0
952  0
953  0
954  0
955  0
956  0
957  0
958  0
959  0
960  0
961  0
962  0
963  0
964  0
965  0
966  0
967  0
968  0
969  0
970  0
971  0
972  0
973  0
974  0
975  0
976  0
977  0
978  0
979  0
980  0
981  0
982  2
983  0
984  0
985  1
986  1
987  0
988  0
989  0
990  0
991  0
992  0
993  0
994  0
995  0
996  0
997  0
998  0
999  2
1000  0
1001  0
1002  0
1003  0
1004  0
1005  0
1006  0
1007  1
1008  0
1009  0
1010  0
1011  0
1012  0
1013  0
1014  0
1015  1
1016  0
1017  0
1018  0
1019  0
1020  1
1021  0
1022  1
1023  1
