0  0
1  0
2  0
3  0
4  0
5  0
6  0
7  0
8  0
9  0
10  0
11  0
12  0
13  0
14  0
15  3
16  3
17  5
18  2
19  3
20  5
21  4
22  5
23  5
24  3
25  2
26  4
27  3
28  6
29  2
30  0
31  4
32  5
33  8
34  1
35  5
36  5
37  1
38  4
39  4
40  7
41  3
42  4
43  3
44  7
45  5
46  4
47  6
48  6
49  5
50  3
51  1
52  5
53  1
54  4
55  4
56  7
57  15
58  111
59  366
60  507
61  528
62  469
63  504
64  468
65  455
66  495
67  423
68  452
69  374
70  433
71  388
72  401
73  341
74  341
75  358
76  334
77  308
78  320
79  263
80  271
81  268
82  260
83  256
84  264
85  257
86  257
87  234
88  203
89  206
90  226
91  201
92  191
93  192
94  185
95  169
96  158
97  167
98  143
99  149
100  129
101  104
102  109
103  113
104  101
105  114
106  100
107  122
108  112
109  106
110  90
111  113
112  100
113  74
114  120
115  112
116  106
117  106
118  127
119  123
120  111
121  121
122  139
123  150
124  160
125  207
126  175
127  190
128  195
129  210
130  241
131  243
132  291
133  328
134  289
135  339
136  345
137  310
138  324
139  321
140  293
141  296
142  240
143  236
144  224
145  182
146  128
147  124
148  94
149  85
150  90
151  65
152  68
153  71
154  52
155  55
156  41
157  42
158  45
159  47
160  48
161  38
162  47
163  40
164  51
165  61
166  30
167  37
168  42
169  32
170  30
171  42
172  24
173  42
174  36
175  27
176  41
177  46
178  28
179  34
180  27
181  32
182  27
183  32
184  37
185  34
186  36
187  23
188  36
189  41
190  26
191  35
192  32
193  28
194  29
195  38
196  35
197  34
198  34
199  25
200  30
201  32
202  25
203  22
204  36
205  20
206  27
207  22
208  19
209  31
210  27
211  32
212  44
213  29
214  32
215  33
216  32
217  34
218  33
219  25
220  32
221  27
222  31
223  31
224  27
225  27
226  37
227  19
228  35
229  33
230  31
231  35
232  30
233  29
234  35
235  27
236  32
237  23
238  30
239  31
240  34
241  27
242  29
243  26
244  28
245  29
246  27
247  29
248  31
249  31
250  26
251  27
252  30
253  31
254  30
255  20
256  35
257  24
258  33
259  29
260  26
261  32
262  33
263  22
264  29
265  26
266  28
267  27
268  28
269  20
270  19
271  18
272  17
273  23
274  25
275  27
276  24
277  23
278  11
279  16
280  18
281  14
282  13
283  15
284  20
285  18
286  18
287  13
288  12
289  9
290  18
291  17
292  7
293  24
294  16
295  13
296  15
297  14
298  12
299  16
300  14
301  25
302  15
303  13
304  18
305  10
306  26
307  24
308  20
309  16
310  26
311  22
312  22
313  25
314  33
315  23
316  29
317  30
318  31
319  34
320  40
321  38
322  20
323  31
324  35
325  31
326  28
327  25
328  29
329  25
330  26
331  26
332  15
333  20
334  18
335  17
336  17
337  12
338  14
339  10
340  14
341  14
342  7
343  6
344  3
345  10
346  11
347  8
348  7
349  8
350  7
351  6
352  9
353  4
354  10
355  2
356  7
357  11
358  8
359  5
360  4
361  9
362  5
363  10
364  6
365  8
366  8
367  12
368  10
369  8
370  9
371  4
372  4
373  5
374  9
375  7
376  12
377  7
378  4
379  3
380  4
381  3
382  4
383  4
384  8
385  6
386  3
387  5
388  1
389  3
390  3
391  5
392  3
393  2
394  2
395  1
396  1
397  3
398  4
399  2
400  6
401  1
402  0
403  4
404  2
405  1
406  0
407  4
408  1
409  1
410  2
411  2
412  2
413  1
414  1
415  1
416  3
417  2
418  0
419  4
420  0
421  0
422  3
423  3
424  3
425  0
426  2
427  0
428  1
429  1
430  2
431  2
432  3
433  3
434  4
435  2
436  1
437  3
438  1
439  2
440  1
441  2
442  2
443  1
444  2
445  4
446  0
447  1
448  0
449  2
450  3
451  3
452  0
453  2
454  1
455  0
456  2
457  1
458  1
459  2
460  3
461  0
462  1
463  1
464  2
465  1
466  1
467  2
468  0
469  1
470  1
471  1
472  0
473  2
474  1
475  0
476  0
477  1
478  0
479  0
480  1
481  2
482  1
483  0
484  0
485  2
486  0
487  0
488  0
489  1
490  2
491  3
492  1
493  1
494  1
495  1
496  1
497  0
498  0
499  1
500  0
501  2
502  1
503  1
504  0
505  4
506  1
507  2
508  0
509  0
510  3
511  1
512  1
513  1
514  0
515  1
516  0
517  0
518  1
519  0
520  0
521  1
522  1
523  0
524  0
525  0
526  2
527  2
528  0
529  1
530  2
531  1
532  1
533  0
534  2
535  1
536  1
537  1
538  0
539  1
540  2
541  1
542  0
543  1
544  1
545  1
546  0
547  0
548  0
549  0
550  0
551  0
552  0
553  0
554  0
555  0
556  0
557  0
558  0
559  0
560  0
561  0
562  0
563  0
564  0
565  0
566  0
567  0
568  0
569  0
570  0
571  0
572  0
573  0
574  0
575  0
576  1
577  0
578  0
579  0
580  0
581  0
582  0
583  0
584  0
585  1
586  0
587  0
588  0
589  0
590  1
591  0
592  0
593  0
594  0
595  0
596  0
597  0
598  0
599  0
600  0
601  0
602  0
603  0
604  0
605  0
606  0
607  0
608  0
609  0
610  0
611  0
612  0
613  0
614  0
615  0
616  0
617  0
618  0
619  0
620  0
621  0
622  0
623  0
624  0
625  0
626  0
627  0
628  0
629  0
630  0
631  0
632  0
633  0
634  0
635  0
636  0
637  0
638  0
639  0
640  0
641  0
642  0
643  0
644  0
645  0
646  0
647  0
648  0
649  0
650  0
651  0
652  0
653  0
654  0
655  0
656  0
657  0
658  0
659  0
660  0
661  0
662  0
663  0
664  0
665  0
666  0
667  0
668  0
669  0
670  0
671  0
672  0
673  0
674  0
675  0
676  0
677  0
678  0
679  0
680  0
681  0
682  0
683  0
684  0
685  0
686  0
687  0
688  0
689  0
690  0
691  0
692  0
693  0
694  0
695  0
696  0
697  0
698  0
699  0
700  0
701  0
702  0
703  0
704  0
705  0
706  0
707  0
708  0
709  0
710  0
711  0
712  0
713  0
714  0
715  0
716  0
717  0
718  0
719  0
720  0
721  0
722  0
723  0
724  0
725  0
726  0
727  0
728  0
729  0
730  0
731  0
732  0
733  0
734  0
735  0
736  0
737  0
738  0
739  0
740  0
741  0
742  0
743  0
744  0
745  0
746  0
747  0
748  0
749  0
750  0
751  0
752  0
753  0
754  0
755  0
756  0
757  0
758  0
759  0
760  0
761  0
762  0
763  0
764  0
765  0
766  0
767  0
768  0
769  0
770  0
771  0
772  0
773  0
774  0
775  0
776  0
777  0
778  0
779  0
780  0
781  0
782  0
783  0
784  0
785  0
786  0
787  0
788  0
789  0
790  0
791  0
792  0
793  0
794  0
795  0
796  0
797  0
798  0
799  0
800  0
801  0
802  0
803  0
804  0
805  0
806  0
807  0
808  0
809  0
810  0
811  0
812  0
813  0
814  0
815  0
816  0
817  0
818  0
819  0
820  0
821  0
822  0
823  0
824  0
825  0
826  0
827  0
828  0
829  0
830  0
831  0
832  0
833  0
834  0
835  0
836  0
837  0
838  0
839  0
840  0
841  0
842  0
843  0
844  0
845  0
846  0
847  0
848  0
849  0
850  0
851  0
852  0
853  0
854  0
855  0
856  0
857  0
858  0
859  0
860  0
861  0
862  0
863  0
864  0
865  0
866  0
867  0
868  0
869  0
870  0
871  0
872  0
873  0
874  0
875  0
876  0
877  0
878  0
879  0
880  0
881  0
882  0
883  0
884  0
885  0
886  0
887  0
888  0
889  0
890  0
891  0
892  0
893  0
894  0
895  0
896  0
897  0
898  0
899  0
900  0
901  0
902  0
903  0
904  0
905  0
906  0
907  0
908  0
909  0
910  0
911  0
912  0
913  0
914  0
915  0
916  0
917  0
918  0
919  0
920  0
921  0
922  0
923  0
924  0
925  0
926  0
927  0
928  0
929  0
930  0
931  0
932  0
933  0
934  0
935  0
936  0
937  0
938  0
939  0
940  0
941  0
942  0
943  0
944  0
945  0
946  0
947  0
948  0
949  0
950  0
951  0
952  0
953  0
954  0
955  0
956  0
957  0
958  0
959  0
960  0
961  0
962  0
963  0
964  0
965  0
966  0
967  0
968  0
969  0
970  0
971  0
972  0
973  0
974  0
975  0
976  0
977  0
978  0
979  0
980  0
981  0
982  0
983  0
984  0
985  0
986  0
987  0
988  0
989  0
990  0
991  0
992  0
993  0
994  0
995  0
996  0
997  0
998  0
999  0
1000  1
1001  0
1002  0
1003  0
1004  0
1005  0
1006  0
1007  1
1008  0
1009  2
1010  0
1011  0
1012  0
1013  0
1014  0
1015  0
1016  0
1017  0
1018  3
1019  0
1020  0
1021  0
1022  0
1023  3
