0  0
1  0
2  0
3  0
4  0
5  0
6  0
7  0
8  0
9  0
10  0
11  0
12  0
13  0
14  0
15  0
16  5
17  5
18  4
19  2
20  2
21  1
22  2
23  3
24  5
25  8
26  4
27  4
28  0
29  1
30  2
31  3
32  3
33  3
34  3
35  2
36  3
37  3
38  7
39  4
40  4
41  2
42  4
43  5
44  1
45  5
46  4
47  2
48  3
49  5
50  10
51  2
52  2
53  4
54  5
55  8
56  7
57  5
58  6
59  4
60  4
61  1
62  6
63  5
64  2
65  6
66  5
67  7
68  4
69  7
70  4
71  3
72  9
73  5
74  3
75  2
76  2
77  31
78  191
79  263
80  253
81  246
82  245
83  233
84  219
85  214
86  217
87  222
88  234
89  206
90  213
91  178
92  149
93  174
94  193
95  181
96  170
97  157
98  159
99  149
100  149
101  158
102  147
103  162
104  134
105  127
106  141
107  149
108  112
109  135
110  107
111  103
112  100
113  95
114  101
115  109
116  100
117  122
118  90
119  104
120  94
121  101
122  89
123  83
124  73
125  92
126  91
127  96
128  79
129  68
130  64
131  85
132  68
133  91
134  83
135  90
136  75
137  75
138  66
139  81
140  77
141  95
142  81
143  86
144  79
145  80
146  86
147  81
148  81
149  75
150  74
151  75
152  67
153  65
154  70
155  69
156  50
157  61
158  51
159  61
160  52
161  53
162  51
163  49
164  52
165  47
166  62
167  43
168  41
169  43
170  48
171  34
172  38
173  31
174  29
175  34
176  35
177  31
178  24
179  28
180  34
181  37
182  29
183  40
184  36
185  24
186  41
187  43
188  24
189  34
190  26
191  37
192  27
193  30
194  21
195  31
196  30
197  36
198  26
199  25
200  29
201  22
202  25
203  31
204  27
205  33
206  27
207  23
208  27
209  21
210  23
211  20
212  28
213  29
214  19
215  14
216  20
217  28
218  15
219  22
220  16
221  29
222  37
223  14
224  26
225  23
226  22
227  17
228  18
229  26
230  28
231  20
232  31
233  17
234  18
235  25
236  17
237  19
238  11
239  28
240  18
241  22
242  20
243  18
244  22
245  18
246  14
247  23
248  15
249  23
250  15
251  23
252  18
253  25
254  24
255  21
256  18
257  21
258  17
259  16
260  13
261  20
262  24
263  18
264  22
265  20
266  12
267  16
268  14
269  15
270  23
271  12
272  20
273  26
274  18
275  11
276  17
277  10
278  15
279  22
280  13
281  18
282  19
283  14
284  11
285  12
286  20
287  19
288  11
289  21
290  8
291  11
292  7
293  14
294  12
295  12
296  15
297  6
298  11
299  10
300  12
301  10
302  13
303  11
304  16
305  10
306  10
307  13
308  13
309  8
310  10
311  12
312  13
313  14
314  11
315  13
316  17
317  10
318  8
319  9
320  19
321  15
322  15
323  11
324  10
325  14
326  12
327  16
328  8
329  11
330  16
331  8
332  11
333  10
334  11
335  19
336  13
337  15
338  19
339  10
340  20
341  11
342  10
343  9
344  10
345  10
346  10
347  14
348  8
349  14
350  15
351  16
352  15
353  8
354  12
355  8
356  3
357  14
358  12
359  16
360  12
361  7
362  9
363  6
364  9
365  16
366  9
367  6
368  11
369  12
370  10
371  11
372  7
373  12
374  7
375  8
376  9
377  7
378  8
379  9
380  8
381  8
382  12
383  8
384  7
385  10
386  13
387  8
388  9
389  10
390  8
391  9
392  11
393  11
394  11
395  7
396  5
397  17
398  9
399  1
400  5
401  6
402  8
403  7
404  5
405  7
406  4
407  9
408  5
409  2
410  5
411  1
412  4
413  3
414  2
415  1
416  5
417  1
418  1
419  4
420  4
421  5
422  5
423  5
424  4
425  2
426  3
427  3
428  3
429  3
430  2
431  2
432  0
433  2
434  2
435  4
436  0
437  2
438  2
439  1
440  2
441  2
442  3
443  5
444  1
445  1
446  2
447  2
448  5
449  3
450  1
451  3
452  6
453  5
454  4
455  2
456  6
457  2
458  1
459  1
460  2
461  1
462  1
463  3
464  0
465  4
466  4
467  4
468  1
469  4
470  3
471  0
472  2
473  2
474  1
475  2
476  2
477  2
478  2
479  0
480  1
481  2
482  2
483  5
484  0
485  3
486  0
487  0
488  1
489  2
490  2
491  5
492  1
493  5
494  0
495  0
496  3
497  1
498  2
499  1
500  3
501  0
502  1
503  2
504  3
505  1
506  0
507  1
508  0
509  5
510  1
511  1
512  3
513  1
514  1
515  1
516  1
517  0
518  0
519  1
520  3
521  1
522  1
523  3
524  1
525  1
526  0
527  3
528  1
529  0
530  1
531  0
532  0
533  1
534  0
535  3
536  1
537  1
538  1
539  1
540  1
541  4
542  1
543  2
544  2
545  3
546  1
547  2
548  1
549  1
550  1
551  2
552  0
553  2
554  1
555  2
556  0
557  4
558  1
559  2
560  2
561  1
562  2
563  1
564  1
565  0
566  2
567  2
568  2
569  0
570  1
571  0
572  2
573  1
574  0
575  1
576  0
577  1
578  1
579  1
580  0
581  0
582  2
583  2
584  1
585  1
586  1
587  2
588  2
589  2
590  1
591  1
592  1
593  3
594  0
595  3
596  3
597  1
598  1
599  2
600  1
601  0
602  2
603  1
604  0
605  3
606  0
607  0
608  2
609  1
610  2
611  0
612  1
613  1
614  0
615  2
616  0
617  0
618  1
619  0
620  0
621  0
622  1
623  0
624  0
625  2
626  0
627  0
628  2
629  0
630  0
631  0
632  0
633  1
634  0
635  1
636  0
637  0
638  1
639  1
640  0
641  1
642  1
643  0
644  1
645  0
646  0
647  2
648  1
649  0
650  0
651  1
652  3
653  1
654  0
655  0
656  0
657  0
658  1
659  0
660  2
661  0
662  1
663  0
664  2
665  0
666  0
667  0
668  0
669  1
670  1
671  2
672  1
673  1
674  1
675  0
676  0
677  1
678  0
679  1
680  0
681  2
682  0
683  0
684  0
685  0
686  0
687  0
688  1
689  0
690  1
691  1
692  0
693  0
694  0
695  0
696  0
697  1
698  1
699  0
700  0
701  0
702  1
703  0
704  0
705  0
706  0
707  0
708  1
709  0
710  0
711  1
712  0
713  1
714  0
715  1
716  0
717  0
718  0
719  1
720  0
721  0
722  1
723  1
724  0
725  0
726  0
727  0
728  0
729  0
730  0
731  0
732  0
733  0
734  0
735  1
736  0
737  0
738  0
739  0
740  0
741  0
742  1
743  0
744  0
745  2
746  0
747  0
748  0
749  0
750  0
751  0
752  2
753  0
754  0
755  0
756  0
757  0
758  0
759  0
760  0
761  0
762  0
763  0
764  0
765  1
766  1
767  0
768  0
769  1
770  0
771  0
772  0
773  0
774  0
775  0
776  1
777  0
778  0
779  0
780  0
781  0
782  0
783  0
784  0
785  0
786  0
787  0
788  0
789  0
790  1
791  0
792  0
793  0
794  0
795  0
796  0
797  0
798  0
799  0
800  0
801  0
802  0
803  0
804  0
805  0
806  0
807  0
808  0
809  0
810  0
811  0
812  1
813  0
814  0
815  0
816  1
817  0
818  0
819  0
820  0
821  0
822  1
823  0
824  0
825  0
826  0
827  1
828  1
829  0
830  0
831  1
832  0
833  0
834  0
835  0
836  0
837  0
838  0
839  0
840  0
841  0
842  0
843  0
844  0
845  0
846  0
847  0
848  0
849  0
850  0
851  0
852  0
853  0
854  0
855  0
856  0
857  0
858  0
859  0
860  0
861  0
862  0
863  0
864  0
865  0
866  0
867  0
868  0
869  1
870  0
871  1
872  0
873  0
874  0
875  0
876  0
877  0
878  0
879  0
880  0
881  0
882  0
883  0
884  2
885  0
886  1
887  0
888  0
889  0
890  0
891  0
892  0
893  0
894  0
895  0
896  0
897  0
898  0
899  1
900  0
901  0
902  0
903  0
904  0
905  0
906  0
907  0
908  0
909  0
910  0
911  0
912  0
913  0
914  0
915  0
916  0
917  0
918  0
919  0
920  0
921  0
922  0
923  0
924  0
925  0
926  0
927  0
928  0
929  0
930  0
931  0
932  0
933  0
934  0
935  0
936  0
937  0
938  0
939  0
940  0
941  0
942  0
943  0
944  0
945  0
946  0
947  0
948  0
949  0
950  0
951  0
952  0
953  0
954  0
955  0
956  0
957  0
958  0
959  0
960  0
961  0
962  0
963  0
964  0
965  0
966  0
967  0
968  0
969  0
970  0
971  0
972  0
973  0
974  0
975  0
976  0
977  0
978  0
979  0
980  0
981  0
982  0
983  0
984  0
985  0
986  0
987  0
988  0
989  0
990  0
991  0
992  0
993  0
994  0
995  0
996  0
997  0
998  0
999  0
1000  0
1001  1
1002  1
1003  0
1004  0
1005  0
1006  0
1007  0
1008  0
1009  0
1010  0
1011  0
1012  0
1013  0
1014  0
1015  0
1016  0
1017  0
1018  0
1019  0
1020  0
1021  0
1022  0
1023  0
