0  0
1  0
2  0
3  0
4  0
5  0
6  0
7  0
8  0
9  0
10  0
11  0
12  0
13  0
14  0
15  6
16  3
17  7
18  3
19  6
20  7
21  6
22  11
23  8
24  5
25  6
26  4
27  4
28  5
29  7
30  3
31  6
32  6
33  2
34  8
35  4
36  4
37  11
38  3
39  10
40  3
41  7
42  10
43  6
44  8
45  5
46  12
47  3
48  9
49  7
50  9
51  5
52  8
53  8
54  11
55  9
56  11
57  4
58  7
59  10
60  8
61  7
62  9
63  8
64  5
65  8
66  7
67  5
68  13
69  8
70  8
71  8
72  5
73  7
74  10
75  5
76  4
77  18
78  156
79  211
80  233
81  215
82  221
83  194
84  206
85  219
86  219
87  220
88  167
89  165
90  154
91  168
92  176
93  152
94  168
95  166
96  146
97  140
98  148
99  143
100  137
101  136
102  117
103  128
104  128
105  101
106  106
107  98
108  97
109  104
110  95
111  97
112  89
113  70
114  66
115  76
116  66
117  75
118  61
119  68
120  67
121  72
122  69
123  70
124  74
125  67
126  65
127  78
128  79
129  77
130  95
131  94
132  101
133  105
134  114
135  120
136  162
137  160
138  163
139  189
140  193
141  208
142  216
143  189
144  185
145  211
146  196
147  199
148  184
149  189
150  205
151  148
152  165
153  169
154  149
155  125
156  125
157  93
158  83
159  99
160  89
161  69
162  60
163  62
164  52
165  51
166  57
167  40
168  43
169  41
170  40
171  41
172  44
173  42
174  39
175  34
176  28
177  36
178  42
179  32
180  30
181  28
182  28
183  33
184  30
185  28
186  30
187  34
188  22
189  14
190  24
191  28
192  29
193  32
194  22
195  20
196  26
197  26
198  24
199  40
200  17
201  32
202  18
203  22
204  25
205  23
206  22
207  21
208  26
209  25
210  18
211  30
212  20
213  29
214  20
215  23
216  22
217  19
218  15
219  16
220  18
221  24
222  21
223  19
224  26
225  22
226  14
227  32
228  27
229  27
230  18
231  27
232  15
233  22
234  15
235  20
236  25
237  19
238  19
239  23
240  17
241  24
242  37
243  34
244  17
245  19
246  20
247  17
248  15
249  24
250  19
251  28
252  24
253  22
254  21
255  23
256  23
257  21
258  26
259  22
260  20
261  17
262  21
263  18
264  27
265  25
266  22
267  17
268  24
269  25
270  18
271  17
272  13
273  19
274  15
275  15
276  20
277  17
278  16
279  18
280  11
281  14
282  15
283  12
284  10
285  17
286  12
287  16
288  14
289  6
290  21
291  9
292  4
293  14
294  6
295  16
296  15
297  17
298  13
299  12
300  11
301  11
302  13
303  16
304  14
305  6
306  17
307  10
308  14
309  10
310  13
311  20
312  11
313  12
314  14
315  13
316  16
317  12
318  17
319  23
320  14
321  18
322  16
323  23
324  18
325  24
326  33
327  25
328  18
329  27
330  30
331  28
332  23
333  21
334  21
335  23
336  16
337  23
338  26
339  22
340  15
341  26
342  26
343  20
344  23
345  11
346  16
347  21
348  25
349  17
350  17
351  11
352  9
353  22
354  17
355  14
356  14
357  9
358  11
359  13
360  15
361  6
362  8
363  19
364  6
365  16
366  17
367  11
368  12
369  5
370  8
371  9
372  8
373  9
374  7
375  3
376  12
377  8
378  7
379  5
380  8
381  7
382  7
383  9
384  4
385  16
386  8
387  12
388  5
389  10
390  7
391  6
392  10
393  5
394  8
395  1
396  5
397  4
398  3
399  5
400  3
401  8
402  0
403  6
404  2
405  4
406  1
407  3
408  5
409  4
410  2
411  6
412  5
413  6
414  4
415  3
416  3
417  5
418  2
419  2
420  2
421  1
422  4
423  0
424  2
425  1
426  2
427  2
428  0
429  1
430  1
431  4
432  2
433  2
434  2
435  1
436  2
437  3
438  1
439  2
440  3
441  1
442  3
443  2
444  2
445  0
446  2
447  1
448  2
449  2
450  0
451  2
452  3
453  1
454  0
455  2
456  0
457  3
458  2
459  2
460  2
461  0
462  3
463  2
464  1
465  3
466  1
467  1
468  1
469  1
470  3
471  2
472  2
473  2
474  1
475  1
476  3
477  4
478  1
479  0
480  1
481  1
482  0
483  1
484  2
485  1
486  0
487  1
488  1
489  3
490  2
491  1
492  2
493  0
494  1
495  0
496  2
497  2
498  0
499  3
500  1
501  3
502  1
503  0
504  1
505  1
506  3
507  1
508  2
509  1
510  0
511  1
512  1
513  0
514  2
515  0
516  1
517  3
518  2
519  1
520  1
521  2
522  1
523  2
524  0
525  1
526  0
527  2
528  1
529  0
530  0
531  0
532  2
533  0
534  1
535  1
536  2
537  0
538  4
539  1
540  1
541  0
542  1
543  4
544  1
545  1
546  1
547  0
548  1
549  0
550  2
551  0
552  1
553  0
554  1
555  0
556  1
557  1
558  0
559  1
560  0
561  2
562  0
563  0
564  2
565  0
566  2
567  0
568  0
569  0
570  0
571  0
572  0
573  0
574  0
575  3
576  1
577  0
578  3
579  0
580  1
581  2
582  1
583  4
584  0
585  1
586  0
587  1
588  0
589  0
590  0
591  0
592  2
593  0
594  1
595  1
596  0
597  0
598  1
599  0
600  1
601  0
602  2
603  0
604  0
605  0
606  0
607  0
608  0
609  0
610  0
611  0
612  0
613  0
614  0
615  0
616  0
617  1
618  3
619  0
620  0
621  0
622  1
623  1
624  0
625  0
626  0
627  0
628  1
629  1
630  0
631  0
632  0
633  2
634  1
635  0
636  0
637  0
638  0
639  1
640  1
641  0
642  1
643  0
644  0
645  0
646  0
647  2
648  2
649  0
650  0
651  0
652  0
653  0
654  1
655  1
656  0
657  0
658  1
659  0
660  0
661  0
662  0
663  1
664  0
665  0
666  0
667  1
668  0
669  0
670  3
671  0
672  1
673  0
674  0
675  1
676  0
677  0
678  2
679  0
680  1
681  0
682  1
683  0
684  0
685  0
686  0
687  1
688  1
689  0
690  1
691  0
692  0
693  0
694  0
695  0
696  0
697  0
698  1
699  0
700  0
701  0
702  0
703  0
704  0
705  0
706  0
707  0
708  0
709  0
710  0
711  1
712  0
713  0
714  0
715  1
716  0
717  0
718  0
719  0
720  0
721  1
722  0
723  0
724  0
725  1
726  0
727  0
728  0
729  0
730  0
731  0
732  0
733  1
734  0
735  0
736  0
737  0
738  0
739  0
740  0
741  0
742  0
743  0
744  0
745  0
746  0
747  0
748  0
749  0
750  0
751  0
752  0
753  0
754  0
755  0
756  0
757  0
758  0
759  0
760  0
761  1
762  0
763  0
764  1
765  0
766  0
767  0
768  0
769  0
770  1
771  0
772  0
773  0
774  0
775  0
776  0
777  0
778  0
779  0
780  0
781  0
782  0
783  0
784  0
785  0
786  0
787  0
788  0
789  0
790  1
791  0
792  0
793  0
794  0
795  0
796  0
797  0
798  0
799  0
800  0
801  0
802  0
803  0
804  0
805  0
806  0
807  1
808  0
809  0
810  0
811  1
812  0
813  0
814  0
815  0
816  0
817  0
818  0
819  0
820  0
821  0
822  0
823  0
824  0
825  0
826  0
827  0
828  0
829  0
830  0
831  1
832  0
833  0
834  0
835  0
836  0
837  0
838  0
839  0
840  0
841  0
842  0
843  0
844  0
845  0
846  0
847  0
848  0
849  0
850  0
851  0
852  0
853  0
854  0
855  0
856  0
857  0
858  0
859  0
860  0
861  0
862  0
863  0
864  0
865  0
866  0
867  0
868  0
869  0
870  0
871  0
872  0
873  0
874  0
875  0
876  0
877  0
878  0
879  0
880  1
881  0
882  0
883  0
884  0
885  0
886  0
887  0
888  0
889  0
890  0
891  1
892  0
893  0
894  0
895  0
896  0
897  0
898  0
899  0
900  0
901  0
902  0
903  0
904  0
905  0
906  0
907  0
908  0
909  0
910  0
911  0
912  0
913  0
914  0
915  0
916  0
917  0
918  0
919  0
920  0
921  0
922  0
923  0
924  0
925  0
926  0
927  0
928  0
929  0
930  0
931  0
932  0
933  0
934  0
935  0
936  0
937  0
938  0
939  0
940  0
941  0
942  0
943  0
944  0
945  0
946  0
947  0
948  0
949  0
950  0
951  0
952  0
953  0
954  0
955  0
956  0
957  0
958  0
959  0
960  0
961  0
962  0
963  0
964  0
965  0
966  0
967  0
968  0
969  0
970  0
971  0
972  0
973  0
974  0
975  0
976  0
977  0
978  0
979  0
980  0
981  0
982  0
983  0
984  0
985  0
986  1
987  0
988  0
989  0
990  0
991  0
992  0
993  0
994  0
995  0
996  0
997  0
998  0
999  0
1000  0
1001  0
1002  0
1003  0
1004  0
1005  0
1006  0
1007  0
1008  0
1009  0
1010  0
1011  0
1012  0
1013  0
1014  0
1015  0
1016  0
1017  0
1018  0
1019  0
1020  0
1021  0
1022  0
1023  1
