0  0
1  0
2  0
3  0
4  0
5  0
6  0
7  0
8  0
9  0
10  0
11  0
12  0
13  0
14  0
15  6
16  11
17  7
18  9
19  7
20  6
21  12
22  6
23  9
24  13
25  8
26  6
27  12
28  5
29  6
30  9
31  5
32  12
33  8
34  16
35  14
36  7
37  13
38  15
39  4
40  5
41  8
42  9
43  7
44  9
45  16
46  14
47  13
48  9
49  11
50  9
51  14
52  5
53  12
54  13
55  10
56  9
57  8
58  10
59  5
60  8
61  8
62  6
63  7
64  9
65  11
66  14
67  16
68  11
69  3
70  12
71  9
72  10
73  5
74  10
75  8
76  2
77  26
78  145
79  254
80  238
81  212
82  203
83  199
84  217
85  202
86  208
87  177
88  207
89  185
90  177
91  186
92  180
93  168
94  166
95  161
96  164
97  155
98  121
99  136
100  152
101  145
102  110
103  128
104  126
105  100
106  120
107  113
108  93
109  77
110  83
111  103
112  76
113  69
114  85
115  94
116  86
117  74
118  79
119  86
120  73
121  80
122  74
123  72
124  66
125  71
126  63
127  76
128  79
129  100
130  94
131  92
132  97
133  118
134  125
135  136
136  154
137  157
138  170
139  178
140  198
141  204
142  203
143  209
144  218
145  211
146  195
147  209
148  182
149  175
150  197
151  187
152  168
153  151
154  137
155  102
156  117
157  106
158  94
159  81
160  79
161  74
162  70
163  59
164  62
165  54
166  44
167  40
168  54
169  49
170  27
171  39
172  21
173  33
174  27
175  35
176  31
177  26
178  31
179  27
180  34
181  27
182  35
183  32
184  33
185  25
186  30
187  35
188  30
189  18
190  28
191  26
192  28
193  14
194  37
195  23
196  19
197  28
198  20
199  29
200  13
201  21
202  24
203  33
204  23
205  21
206  24
207  21
208  22
209  29
210  34
211  26
212  15
213  26
214  20
215  22
216  21
217  23
218  17
219  31
220  22
221  21
222  31
223  21
224  17
225  22
226  22
227  22
228  25
229  22
230  19
231  19
232  19
233  26
234  19
235  22
236  17
237  19
238  20
239  16
240  24
241  17
242  25
243  28
244  19
245  22
246  21
247  22
248  20
249  26
250  20
251  19
252  16
253  23
254  22
255  15
256  20
257  23
258  23
259  18
260  8
261  29
262  17
263  27
264  17
265  17
266  17
267  19
268  21
269  23
270  16
271  11
272  10
273  18
274  9
275  18
276  20
277  20
278  14
279  13
280  20
281  16
282  10
283  16
284  11
285  11
286  16
287  13
288  21
289  10
290  12
291  16
292  14
293  17
294  15
295  12
296  9
297  13
298  11
299  11
300  14
301  8
302  11
303  16
304  11
305  13
306  12
307  10
308  14
309  15
310  10
311  9
312  19
313  13
314  16
315  13
316  10
317  16
318  21
319  21
320  17
321  27
322  19
323  29
324  25
325  26
326  16
327  23
328  20
329  26
330  22
331  30
332  23
333  22
334  19
335  27
336  25
337  21
338  31
339  16
340  30
341  21
342  18
343  24
344  23
345  31
346  19
347  22
348  20
349  16
350  16
351  19
352  14
353  13
354  11
355  22
356  13
357  11
358  12
359  12
360  7
361  16
362  9
363  16
364  4
365  9
366  16
367  8
368  7
369  5
370  3
371  9
372  6
373  7
374  12
375  11
376  10
377  7
378  9
379  7
380  7
381  4
382  5
383  11
384  9
385  9
386  5
387  7
388  9
389  5
390  7
391  5
392  5
393  5
394  6
395  4
396  4
397  4
398  8
399  5
400  10
401  5
402  5
403  3
404  7
405  4
406  7
407  6
408  7
409  3
410  1
411  1
412  3
413  4
414  4
415  3
416  5
417  7
418  4
419  0
420  1
421  1
422  0
423  4
424  2
425  2
426  1
427  3
428  0
429  1
430  2
431  2
432  3
433  2
434  0
435  0
436  2
437  1
438  3
439  1
440  2
441  2
442  3
443  3
444  1
445  2
446  3
447  2
448  2
449  1
450  2
451  4
452  2
453  0
454  3
455  2
456  2
457  1
458  0
459  4
460  1
461  0
462  2
463  0
464  5
465  4
466  1
467  4
468  0
469  2
470  1
471  1
472  3
473  2
474  2
475  2
476  1
477  2
478  0
479  2
480  4
481  0
482  1
483  0
484  2
485  0
486  1
487  2
488  2
489  3
490  2
491  3
492  2
493  0
494  1
495  3
496  0
497  0
498  0
499  5
500  1
501  0
502  0
503  2
504  1
505  0
506  0
507  2
508  1
509  2
510  1
511  1
512  1
513  0
514  1
515  0
516  2
517  2
518  1
519  3
520  1
521  0
522  2
523  0
524  0
525  3
526  1
527  0
528  2
529  0
530  1
531  1
532  0
533  2
534  2
535  0
536  0
537  1
538  1
539  0
540  1
541  1
542  3
543  0
544  0
545  0
546  1
547  3
548  0
549  1
550  0
551  1
552  0
553  0
554  0
555  1
556  5
557  0
558  1
559  0
560  0
561  0
562  3
563  1
564  1
565  0
566  2
567  0
568  1
569  0
570  0
571  1
572  0
573  0
574  0
575  1
576  1
577  1
578  0
579  2
580  0
581  0
582  1
583  1
584  3
585  1
586  0
587  0
588  0
589  3
590  2
591  0
592  2
593  1
594  1
595  1
596  0
597  0
598  0
599  2
600  0
601  0
602  0
603  1
604  0
605  0
606  0
607  2
608  1
609  0
610  0
611  0
612  0
613  0
614  0
615  1
616  0
617  0
618  2
619  1
620  1
621  0
622  1
623  1
624  0
625  0
626  0
627  0
628  0
629  1
630  0
631  0
632  1
633  1
634  0
635  0
636  0
637  0
638  0
639  0
640  1
641  0
642  2
643  1
644  0
645  0
646  4
647  0
648  1
649  0
650  0
651  0
652  0
653  1
654  0
655  0
656  1
657  0
658  1
659  0
660  2
661  0
662  0
663  0
664  2
665  1
666  0
667  1
668  0
669  0
670  0
671  0
672  0
673  1
674  0
675  0
676  0
677  3
678  0
679  0
680  0
681  1
682  0
683  1
684  0
685  1
686  0
687  0
688  0
689  2
690  0
691  0
692  0
693  0
694  1
695  1
696  0
697  1
698  0
699  0
700  0
701  0
702  0
703  0
704  1
705  0
706  2
707  1
708  3
709  0
710  0
711  0
712  1
713  0
714  0
715  0
716  0
717  0
718  0
719  0
720  0
721  0
722  0
723  0
724  0
725  0
726  0
727  0
728  0
729  0
730  0
731  0
732  0
733  0
734  0
735  0
736  0
737  0
738  1
739  0
740  0
741  0
742  0
743  1
744  0
745  0
746  0
747  0
748  0
749  0
750  0
751  1
752  0
753  0
754  0
755  0
756  0
757  0
758  0
759  0
760  0
761  0
762  0
763  0
764  0
765  0
766  0
767  0
768  0
769  0
770  0
771  0
772  0
773  0
774  0
775  0
776  0
777  0
778  0
779  0
780  0
781  1
782  0
783  0
784  0
785  0
786  0
787  0
788  0
789  0
790  0
791  0
792  0
793  0
794  0
795  0
796  0
797  0
798  0
799  0
800  0
801  0
802  0
803  0
804  0
805  0
806  0
807  0
808  0
809  0
810  0
811  0
812  0
813  0
814  0
815  0
816  0
817  0
818  0
819  0
820  0
821  0
822  0
823  0
824  0
825  0
826  0
827  0
828  0
829  0
830  0
831  0
832  0
833  0
834  0
835  0
836  0
837  1
838  0
839  1
840  0
841  0
842  0
843  0
844  0
845  0
846  0
847  0
848  0
849  0
850  0
851  0
852  1
853  0
854  0
855  0
856  0
857  0
858  0
859  0
860  0
861  0
862  0
863  0
864  0
865  0
866  0
867  0
868  0
869  0
870  0
871  0
872  0
873  0
874  0
875  0
876  0
877  0
878  0
879  0
880  0
881  0
882  0
883  0
884  0
885  0
886  0
887  0
888  0
889  0
890  0
891  0
892  0
893  1
894  0
895  0
896  0
897  0
898  0
899  0
900  0
901  0
902  0
903  0
904  0
905  0
906  0
907  0
908  0
909  0
910  0
911  0
912  0
913  0
914  0
915  0
916  0
917  0
918  0
919  0
920  0
921  0
922  0
923  0
924  0
925  0
926  0
927  0
928  0
929  0
930  0
931  0
932  0
933  0
934  0
935  0
936  0
937  0
938  0
939  0
940  0
941  0
942  0
943  0
944  0
945  0
946  0
947  0
948  0
949  0
950  0
951  0
952  0
953  0
954  0
955  0
956  0
957  0
958  0
959  0
960  0
961  0
962  0
963  0
964  0
965  0
966  0
967  0
968  0
969  0
970  0
971  0
972  0
973  0
974  0
975  0
976  0
977  0
978  0
979  0
980  0
981  0
982  0
983  0
984  0
985  0
986  0
987  0
988  0
989  0
990  0
991  0
992  0
993  0
994  0
995  0
996  0
997  0
998  0
999  0
1000  0
1001  0
1002  0
1003  0
1004  0
1005  0
1006  0
1007  1
1008  0
1009  0
1010  0
1011  0
1012  0
1013  0
1014  0
1015  0
1016  0
1017  0
1018  1
1019  0
1020  0
1021  0
1022  0
1023  0
