0  0
1  0
2  0
3  0
4  0
5  0
6  0
7  0
8  0
9  0
10  0
11  0
12  0
13  0
14  0
15  1
16  1
17  0
18  1
19  1
20  1
21  0
22  1
23  0
24  0
25  1
26  1
27  1
28  1
29  0
30  1
31  1
32  1
33  1
34  1
35  0
36  0
37  1
38  0
39  0
40  1
41  0
42  1
43  3
44  0
45  2
46  0
47  0
48  0
49  0
50  0
51  2
52  1
53  1
54  0
55  0
56  2
57  0
58  1
59  1
60  0
61  1
62  1
63  0
64  1
65  0
66  2
67  0
68  0
69  2
70  0
71  0
72  0
73  2
74  0
75  0
76  2
77  22
78  190
79  227
80  243
81  231
82  208
83  202
84  193
85  197
86  206
87  201
88  213
89  200
90  188
91  187
92  166
93  154
94  130
95  122
96  152
97  123
98  154
99  177
100  151
101  124
102  143
103  117
104  118
105  121
106  112
107  93
108  105
109  90
110  83
111  90
112  92
113  91
114  84
115  81
116  87
117  62
118  86
119  78
120  78
121  96
122  60
123  74
124  53
125  79
126  75
127  71
128  71
129  86
130  83
131  102
132  95
133  105
134  108
135  126
136  135
137  149
138  170
139  182
140  165
141  202
142  185
143  188
144  208
145  210
146  184
147  210
148  199
149  191
150  184
151  164
152  131
153  141
154  172
155  128
156  111
157  108
158  104
159  74
160  68
161  54
162  64
163  50
164  52
165  57
166  43
167  45
168  43
169  35
170  36
171  43
172  41
173  50
174  44
175  33
176  35
177  34
178  32
179  36
180  25
181  30
182  30
183  26
184  36
185  29
186  31
187  35
188  27
189  23
190  21
191  21
192  26
193  33
194  32
195  16
196  15
197  25
198  31
199  24
200  30
201  18
202  21
203  37
204  25
205  23
206  19
207  27
208  18
209  20
210  23
211  21
212  17
213  26
214  23
215  13
216  13
217  22
218  27
219  21
220  29
221  19
222  26
223  23
224  22
225  20
226  24
227  17
228  16
229  17
230  24
231  19
232  25
233  27
234  16
235  15
236  24
237  16
238  22
239  19
240  29
241  22
242  23
243  15
244  19
245  21
246  16
247  25
248  14
249  25
250  19
251  21
252  22
253  23
254  22
255  29
256  24
257  24
258  28
259  28
260  25
261  20
262  26
263  16
264  25
265  18
266  18
267  16
268  11
269  22
270  19
271  14
272  15
273  11
274  17
275  14
276  18
277  8
278  15
279  14
280  13
281  17
282  11
283  15
284  12
285  12
286  13
287  9
288  15
289  17
290  15
291  9
292  16
293  12
294  18
295  10
296  15
297  15
298  13
299  11
300  14
301  8
302  7
303  13
304  15
305  7
306  8
307  13
308  19
309  7
310  11
311  14
312  10
313  13
314  14
315  16
316  18
317  7
318  15
319  14
320  14
321  12
322  14
323  17
324  24
325  27
326  18
327  20
328  27
329  19
330  26
331  23
332  24
333  17
334  25
335  20
336  31
337  27
338  25
339  30
340  20
341  15
342  27
343  30
344  18
345  18
346  20
347  24
348  17
349  11
350  16
351  14
352  13
353  20
354  12
355  14
356  13
357  14
358  13
359  7
360  9
361  7
362  10
363  15
364  11
365  17
366  12
367  7
368  6
369  8
370  9
371  10
372  7
373  10
374  6
375  9
376  7
377  6
378  8
379  7
380  8
381  10
382  11
383  10
384  8
385  7
386  5
387  8
388  4
389  9
390  11
391  9
392  6
393  5
394  7
395  8
396  6
397  9
398  1
399  7
400  3
401  2
402  4
403  8
404  5
405  3
406  6
407  4
408  2
409  1
410  4
411  6
412  2
413  2
414  4
415  4
416  4
417  4
418  3
419  3
420  2
421  1
422  4
423  3
424  0
425  3
426  2
427  2
428  0
429  0
430  2
431  0
432  1
433  0
434  2
435  2
436  2
437  4
438  2
439  2
440  3
441  1
442  0
443  2
444  2
445  0
446  2
447  0
448  2
449  2
450  2
451  3
452  1
453  4
454  2
455  3
456  1
457  4
458  6
459  0
460  0
461  2
462  5
463  2
464  2
465  1
466  1
467  2
468  1
469  3
470  3
471  2
472  2
473  0
474  1
475  0
476  0
477  0
478  0
479  1
480  1
481  2
482  4
483  1
484  2
485  2
486  0
487  1
488  4
489  2
490  1
491  2
492  0
493  0
494  0
495  0
496  1
497  1
498  2
499  0
500  0
501  2
502  0
503  2
504  0
505  1
506  1
507  0
508  0
509  2
510  1
511  1
512  2
513  2
514  0
515  1
516  1
517  0
518  0
519  0
520  3
521  0
522  0
523  0
524  0
525  0
526  0
527  0
528  2
529  2
530  0
531  3
532  0
533  1
534  1
535  3
536  3
537  4
538  1
539  1
540  0
541  1
542  0
543  3
544  1
545  2
546  0
547  1
548  0
549  0
550  0
551  0
552  3
553  0
554  2
555  1
556  1
557  1
558  2
559  4
560  0
561  0
562  1
563  1
564  2
565  2
566  1
567  0
568  0
569  2
570  0
571  1
572  1
573  1
574  0
575  0
576  2
577  0
578  1
579  0
580  2
581  2
582  1
583  0
584  0
585  0
586  1
587  0
588  1
589  1
590  1
591  0
592  1
593  2
594  1
595  0
596  1
597  1
598  0
599  0
600  0
601  0
602  0
603  1
604  1
605  0
606  0
607  1
608  1
609  0
610  0
611  1
612  0
613  0
614  0
615  0
616  1
617  0
618  0
619  0
620  0
621  0
622  2
623  0
624  0
625  0
626  1
627  2
628  2
629  0
630  1
631  0
632  0
633  0
634  2
635  1
636  1
637  1
638  0
639  1
640  4
641  0
642  1
643  0
644  0
645  0
646  0
647  1
648  0
649  0
650  1
651  0
652  0
653  1
654  0
655  0
656  1
657  1
658  0
659  0
660  1
661  0
662  0
663  0
664  0
665  0
666  0
667  0
668  0
669  0
670  0
671  1
672  0
673  0
674  0
675  1
676  0
677  0
678  0
679  0
680  0
681  0
682  1
683  0
684  0
685  1
686  1
687  0
688  0
689  0
690  0
691  1
692  1
693  0
694  0
695  0
696  0
697  0
698  0
699  0
700  0
701  0
702  0
703  0
704  0
705  0
706  0
707  0
708  0
709  0
710  0
711  2
712  0
713  0
714  0
715  0
716  0
717  0
718  0
719  0
720  0
721  1
722  0
723  0
724  0
725  0
726  0
727  0
728  0
729  0
730  0
731  0
732  0
733  0
734  0
735  0
736  0
737  0
738  0
739  0
740  0
741  1
742  0
743  0
744  0
745  0
746  0
747  0
748  0
749  0
750  0
751  0
752  0
753  0
754  0
755  0
756  0
757  0
758  0
759  0
760  1
761  1
762  0
763  1
764  0
765  0
766  0
767  0
768  0
769  0
770  0
771  0
772  0
773  0
774  0
775  0
776  0
777  0
778  0
779  0
780  0
781  0
782  0
783  0
784  0
785  0
786  0
787  0
788  0
789  0
790  0
791  0
792  0
793  0
794  0
795  0
796  0
797  0
798  0
799  1
800  0
801  0
802  0
803  0
804  0
805  0
806  0
807  0
808  0
809  0
810  0
811  0
812  0
813  0
814  0
815  0
816  0
817  0
818  0
819  0
820  0
821  0
822  0
823  1
824  0
825  0
826  0
827  0
828  0
829  0
830  0
831  0
832  0
833  0
834  0
835  0
836  0
837  0
838  1
839  0
840  0
841  0
842  0
843  0
844  0
845  0
846  0
847  0
848  0
849  0
850  0
851  0
852  0
853  0
854  0
855  0
856  0
857  0
858  0
859  0
860  0
861  0
862  0
863  0
864  0
865  0
866  0
867  0
868  0
869  0
870  0
871  0
872  0
873  0
874  0
875  0
876  0
877  0
878  0
879  0
880  0
881  0
882  0
883  0
884  0
885  0
886  0
887  0
888  0
889  0
890  0
891  0
892  0
893  0
894  0
895  0
896  0
897  0
898  0
899  0
900  0
901  0
902  0
903  0
904  0
905  0
906  0
907  0
908  0
909  0
910  0
911  0
912  0
913  0
914  0
915  0
916  0
917  0
918  0
919  0
920  0
921  0
922  0
923  0
924  0
925  0
926  0
927  0
928  0
929  0
930  0
931  0
932  0
933  0
934  0
935  0
936  0
937  0
938  0
939  0
940  0
941  0
942  0
943  0
944  0
945  1
946  0
947  0
948  0
949  0
950  0
951  0
952  0
953  0
954  0
955  0
956  0
957  0
958  0
959  0
960  0
961  0
962  0
963  0
964  0
965  0
966  0
967  0
968  0
969  0
970  0
971  0
972  0
973  0
974  0
975  0
976  0
977  0
978  0
979  1
980  0
981  0
982  0
983  0
984  0
985  0
986  0
987  0
988  0
989  0
990  0
991  0
992  0
993  0
994  0
995  0
996  0
997  0
998  0
999  0
1000  0
1001  0
1002  0
1003  0
1004  0
1005  0
1006  0
1007  0
1008  0
1009  0
1010  0
1011  0
1012  0
1013  0
1014  0
1015  0
1016  0
1017  0
1018  0
1019  0
1020  0
1021  0
1022  0
1023  1
