0  0
1  0
2  0
3  0
4  0
5  0
6  0
7  0
8  0
9  0
10  0
11  0
12  0
13  0
14  0
15  1
16  3
17  2
18  4
19  3
20  1
21  3
22  1
23  3
24  0
25  4
26  4
27  1
28  4
29  2
30  3
31  2
32  2
33  4
34  5
35  3
36  3
37  2
38  2
39  3
40  3
41  4
42  4
43  5
44  0
45  2
46  3
47  11
48  4
49  3
50  5
51  6
52  1
53  4
54  5
55  7
56  10
57  2
58  4
59  8
60  4
61  4
62  4
63  2
64  4
65  2
66  5
67  4
68  2
69  5
70  4
71  5
72  2
73  3
74  0
75  0
76  1
77  18
78  155
79  263
80  245
81  213
82  241
83  220
84  216
85  222
86  207
87  207
88  188
89  170
90  174
91  187
92  180
93  171
94  175
95  176
96  158
97  163
98  136
99  121
100  145
101  129
102  120
103  120
104  110
105  93
106  88
107  102
108  89
109  97
110  107
111  94
112  86
113  79
114  80
115  85
116  76
117  64
118  66
119  60
120  76
121  82
122  79
123  62
124  80
125  82
126  67
127  71
128  81
129  80
130  105
131  97
132  90
133  126
134  132
135  125
136  137
137  155
138  143
139  184
140  177
141  173
142  220
143  203
144  209
145  187
146  175
147  221
148  210
149  203
150  183
151  166
152  166
153  169
154  123
155  139
156  146
157  93
158  86
159  65
160  80
161  66
162  49
163  53
164  67
165  61
166  47
167  43
168  41
169  42
170  37
171  43
172  32
173  49
174  36
175  31
176  40
177  31
178  32
179  37
180  27
181  27
182  25
183  29
184  19
185  18
186  25
187  19
188  18
189  28
190  21
191  30
192  29
193  26
194  37
195  27
196  27
197  28
198  24
199  34
200  36
201  34
202  29
203  23
204  29
205  28
206  22
207  31
208  27
209  20
210  23
211  21
212  12
213  30
214  28
215  23
216  28
217  29
218  16
219  13
220  27
221  24
222  24
223  21
224  19
225  22
226  27
227  19
228  24
229  26
230  17
231  18
232  25
233  26
234  19
235  27
236  25
237  25
238  30
239  20
240  18
241  20
242  20
243  26
244  25
245  21
246  22
247  19
248  16
249  17
250  27
251  30
252  26
253  27
254  16
255  19
256  27
257  22
258  21
259  19
260  24
261  14
262  18
263  12
264  23
265  13
266  20
267  15
268  12
269  21
270  15
271  21
272  16
273  23
274  21
275  12
276  19
277  25
278  15
279  16
280  12
281  13
282  25
283  15
284  10
285  16
286  15
287  14
288  15
289  19
290  12
291  11
292  11
293  14
294  8
295  9
296  8
297  14
298  11
299  13
300  15
301  9
302  8
303  12
304  13
305  12
306  11
307  9
308  16
309  11
310  17
311  12
312  9
313  6
314  14
315  13
316  17
317  18
318  12
319  13
320  15
321  18
322  22
323  15
324  17
325  33
326  18
327  17
328  26
329  22
330  23
331  18
332  24
333  23
334  29
335  30
336  22
337  38
338  23
339  26
340  24
341  19
342  23
343  26
344  18
345  17
346  16
347  12
348  19
349  21
350  17
351  20
352  24
353  20
354  17
355  10
356  7
357  15
358  14
359  12
360  15
361  10
362  7
363  12
364  6
365  15
366  3
367  13
368  11
369  10
370  9
371  14
372  11
373  13
374  6
375  9
376  5
377  11
378  5
379  9
380  10
381  6
382  5
383  8
384  10
385  5
386  5
387  8
388  6
389  4
390  6
391  5
392  7
393  7
394  4
395  5
396  7
397  7
398  10
399  8
400  6
401  5
402  6
403  5
404  1
405  2
406  3
407  2
408  1
409  8
410  1
411  6
412  5
413  2
414  4
415  4
416  4
417  3
418  5
419  1
420  1
421  1
422  2
423  3
424  4
425  3
426  2
427  4
428  3
429  2
430  3
431  0
432  1
433  1
434  2
435  3
436  4
437  2
438  1
439  1
440  3
441  1
442  2
443  1
444  1
445  1
446  1
447  0
448  5
449  1
450  1
451  2
452  0
453  1
454  2
455  2
456  0
457  0
458  0
459  4
460  2
461  1
462  0
463  0
464  0
465  2
466  1
467  1
468  3
469  0
470  2
471  1
472  0
473  1
474  1
475  1
476  1
477  1
478  1
479  4
480  2
481  0
482  1
483  1
484  1
485  2
486  1
487  1
488  2
489  1
490  2
491  2
492  0
493  2
494  3
495  1
496  1
497  2
498  1
499  0
500  2
501  2
502  2
503  1
504  3
505  0
506  0
507  1
508  0
509  1
510  0
511  0
512  2
513  0
514  0
515  1
516  1
517  1
518  1
519  2
520  3
521  0
522  0
523  0
524  2
525  0
526  0
527  1
528  0
529  1
530  0
531  0
532  1
533  2
534  1
535  2
536  0
537  1
538  1
539  2
540  2
541  1
542  0
543  3
544  2
545  0
546  0
547  0
548  1
549  0
550  0
551  1
552  1
553  2
554  1
555  1
556  1
557  1
558  0
559  0
560  1
561  0
562  1
563  1
564  1
565  1
566  2
567  1
568  1
569  0
570  0
571  1
572  1
573  0
574  0
575  1
576  1
577  0
578  0
579  0
580  3
581  0
582  0
583  0
584  0
585  0
586  0
587  0
588  0
589  0
590  0
591  0
592  1
593  1
594  0
595  0
596  2
597  2
598  1
599  2
600  3
601  1
602  0
603  0
604  0
605  0
606  0
607  0
608  0
609  0
610  0
611  0
612  0
613  2
614  1
615  0
616  0
617  0
618  1
619  1
620  0
621  0
622  0
623  0
624  1
625  1
626  1
627  0
628  0
629  0
630  0
631  1
632  1
633  1
634  0
635  0
636  0
637  0
638  0
639  0
640  2
641  1
642  0
643  1
644  1
645  0
646  0
647  2
648  1
649  0
650  0
651  0
652  1
653  0
654  1
655  2
656  1
657  0
658  1
659  1
660  0
661  0
662  0
663  0
664  0
665  0
666  0
667  2
668  0
669  1
670  1
671  0
672  2
673  0
674  0
675  0
676  1
677  1
678  0
679  1
680  1
681  0
682  0
683  0
684  1
685  1
686  1
687  1
688  0
689  1
690  0
691  0
692  0
693  0
694  1
695  0
696  0
697  0
698  0
699  1
700  2
701  0
702  1
703  2
704  0
705  0
706  0
707  0
708  0
709  0
710  0
711  0
712  0
713  1
714  0
715  0
716  0
717  0
718  0
719  0
720  1
721  0
722  0
723  0
724  0
725  0
726  0
727  0
728  0
729  0
730  0
731  0
732  0
733  0
734  0
735  0
736  0
737  0
738  0
739  0
740  0
741  0
742  0
743  0
744  0
745  0
746  0
747  1
748  1
749  0
750  0
751  0
752  0
753  0
754  0
755  0
756  0
757  0
758  0
759  0
760  0
761  0
762  0
763  0
764  1
765  0
766  0
767  0
768  0
769  0
770  0
771  0
772  0
773  0
774  0
775  0
776  1
777  0
778  0
779  0
780  0
781  1
782  0
783  0
784  0
785  0
786  0
787  0
788  0
789  0
790  0
791  1
792  0
793  0
794  0
795  0
796  0
797  0
798  0
799  0
800  0
801  0
802  0
803  0
804  0
805  0
806  0
807  0
808  0
809  0
810  0
811  1
812  0
813  0
814  0
815  0
816  0
817  0
818  0
819  0
820  0
821  0
822  0
823  0
824  0
825  0
826  0
827  0
828  0
829  0
830  0
831  0
832  0
833  0
834  0
835  1
836  1
837  0
838  0
839  0
840  1
841  0
842  0
843  0
844  0
845  0
846  0
847  0
848  0
849  0
850  0
851  0
852  0
853  0
854  0
855  0
856  0
857  0
858  0
859  0
860  0
861  0
862  0
863  0
864  0
865  0
866  1
867  0
868  0
869  0
870  0
871  0
872  0
873  0
874  0
875  0
876  0
877  0
878  0
879  0
880  0
881  1
882  0
883  0
884  0
885  0
886  0
887  0
888  0
889  0
890  0
891  0
892  0
893  0
894  0
895  0
896  0
897  0
898  0
899  0
900  0
901  0
902  0
903  0
904  0
905  0
906  0
907  0
908  0
909  0
910  0
911  0
912  0
913  0
914  0
915  0
916  0
917  0
918  0
919  0
920  0
921  0
922  0
923  0
924  0
925  0
926  0
927  0
928  0
929  0
930  0
931  0
932  0
933  0
934  0
935  0
936  0
937  0
938  0
939  0
940  0
941  0
942  0
943  0
944  0
945  0
946  0
947  0
948  0
949  0
950  0
951  0
952  0
953  0
954  0
955  0
956  0
957  0
958  0
959  0
960  0
961  0
962  0
963  0
964  0
965  0
966  0
967  0
968  0
969  0
970  0
971  0
972  0
973  0
974  0
975  0
976  0
977  0
978  0
979  0
980  0
981  0
982  0
983  0
984  0
985  0
986  0
987  0
988  0
989  0
990  0
991  0
992  0
993  0
994  0
995  0
996  0
997  0
998  0
999  0
1000  0
1001  0
1002  0
1003  0
1004  0
1005  0
1006  1
1007  0
1008  0
1009  0
1010  0
1011  0
1012  0
1013  0
1014  0
1015  0
1016  0
1017  0
1018  0
1019  0
1020  2
1021  0
1022  0
1023  0
