0  0
1  0
2  0
3  0
4  0
5  0
6  0
7  0
8  0
9  0
10  0
11  0
12  0
13  0
14  0
15  2
16  3
17  6
18  1
19  4
20  5
21  0
22  9
23  4
24  6
25  3
26  6
27  3
28  4
29  4
30  1
31  4
32  0
33  3
34  4
35  4
36  1
37  4
38  1
39  6
40  5
41  3
42  4
43  4
44  1
45  1
46  5
47  6
48  0
49  3
50  8
51  2
52  4
53  6
54  4
55  6
56  3
57  3
58  4
59  6
60  2
61  7
62  7
63  3
64  2
65  5
66  5
67  6
68  3
69  6
70  4
71  6
72  4
73  4
74  6
75  3
76  3
77  20
78  160
79  233
80  255
81  253
82  255
83  206
84  218
85  194
86  222
87  183
88  172
89  193
90  168
91  165
92  213
93  154
94  157
95  155
96  180
97  149
98  141
99  141
100  127
101  147
102  118
103  135
104  128
105  90
106  107
107  97
108  91
109  101
110  92
111  85
112  107
113  76
114  83
115  79
116  79
117  63
118  70
119  68
120  73
121  63
122  65
123  72
124  61
125  76
126  78
127  98
128  87
129  94
130  85
131  87
132  97
133  112
134  130
135  137
136  169
137  168
138  165
139  152
140  176
141  193
142  190
143  238
144  194
145  196
146  192
147  196
148  198
149  211
150  178
151  179
152  142
153  151
154  153
155  141
156  128
157  98
158  109
159  72
160  60
161  67
162  60
163  50
164  70
165  46
166  53
167  46
168  53
169  49
170  39
171  43
172  42
173  32
174  29
175  48
176  38
177  34
178  35
179  37
180  23
181  35
182  28
183  32
184  25
185  25
186  29
187  16
188  27
189  26
190  34
191  16
192  16
193  23
194  20
195  25
196  33
197  28
198  25
199  26
200  15
201  32
202  27
203  17
204  23
205  24
206  17
207  26
208  25
209  24
210  29
211  24
212  25
213  21
214  28
215  27
216  22
217  34
218  23
219  18
220  22
221  12
222  21
223  23
224  22
225  26
226  24
227  17
228  22
229  16
230  18
231  23
232  21
233  25
234  24
235  20
236  29
237  20
238  23
239  28
240  27
241  24
242  15
243  22
244  25
245  19
246  19
247  25
248  17
249  21
250  23
251  31
252  19
253  28
254  18
255  23
256  18
257  16
258  23
259  22
260  22
261  16
262  24
263  25
264  28
265  25
266  13
267  14
268  22
269  12
270  11
271  19
272  20
273  18
274  13
275  22
276  16
277  20
278  14
279  22
280  15
281  13
282  13
283  18
284  15
285  13
286  20
287  26
288  9
289  7
290  14
291  20
292  14
293  14
294  5
295  14
296  10
297  11
298  14
299  9
300  8
301  12
302  13
303  14
304  12
305  12
306  8
307  13
308  12
309  12
310  10
311  16
312  15
313  12
314  13
315  19
316  15
317  13
318  20
319  24
320  21
321  17
322  15
323  20
324  27
325  27
326  20
327  28
328  20
329  20
330  17
331  28
332  18
333  28
334  28
335  27
336  22
337  30
338  22
339  20
340  15
341  25
342  23
343  26
344  26
345  25
346  21
347  20
348  19
349  19
350  26
351  8
352  16
353  15
354  11
355  15
356  11
357  15
358  13
359  10
360  9
361  12
362  8
363  9
364  6
365  10
366  13
367  6
368  20
369  11
370  12
371  8
372  6
373  13
374  4
375  13
376  12
377  8
378  9
379  6
380  8
381  6
382  1
383  7
384  11
385  12
386  8
387  9
388  7
389  8
390  12
391  3
392  9
393  5
394  4
395  5
396  4
397  5
398  4
399  4
400  6
401  8
402  3
403  3
404  5
405  5
406  5
407  3
408  9
409  4
410  5
411  5
412  5
413  4
414  4
415  3
416  2
417  2
418  0
419  5
420  5
421  2
422  2
423  5
424  3
425  2
426  4
427  1
428  2
429  2
430  4
431  3
432  1
433  0
434  0
435  2
436  5
437  2
438  3
439  1
440  2
441  1
442  3
443  1
444  2
445  1
446  2
447  2
448  1
449  0
450  1
451  1
452  2
453  2
454  0
455  3
456  2
457  4
458  2
459  0
460  2
461  3
462  5
463  0
464  5
465  1
466  2
467  2
468  3
469  3
470  0
471  2
472  4
473  1
474  2
475  0
476  1
477  2
478  2
479  3
480  1
481  1
482  0
483  4
484  1
485  1
486  1
487  3
488  2
489  1
490  2
491  0
492  2
493  2
494  0
495  0
496  1
497  0
498  0
499  4
500  0
501  1
502  0
503  1
504  1
505  1
506  1
507  0
508  2
509  1
510  0
511  2
512  0
513  1
514  1
515  0
516  0
517  1
518  0
519  0
520  2
521  1
522  0
523  1
524  0
525  1
526  0
527  1
528  2
529  0
530  1
531  1
532  2
533  1
534  0
535  3
536  2
537  1
538  1
539  0
540  0
541  2
542  1
543  1
544  0
545  1
546  0
547  0
548  1
549  1
550  1
551  1
552  2
553  1
554  0
555  1
556  2
557  1
558  1
559  2
560  0
561  1
562  0
563  1
564  3
565  0
566  2
567  0
568  0
569  1
570  1
571  0
572  2
573  1
574  2
575  0
576  1
577  2
578  3
579  1
580  1
581  0
582  0
583  1
584  3
585  0
586  3
587  2
588  1
589  1
590  0
591  2
592  0
593  1
594  0
595  0
596  0
597  0
598  1
599  1
600  0
601  1
602  1
603  2
604  0
605  1
606  1
607  1
608  0
609  1
610  0
611  1
612  0
613  0
614  0
615  0
616  2
617  0
618  0
619  1
620  1
621  2
622  0
623  1
624  0
625  2
626  1
627  1
628  0
629  0
630  0
631  0
632  0
633  0
634  0
635  0
636  0
637  0
638  0
639  1
640  0
641  0
642  0
643  0
644  0
645  0
646  0
647  0
648  0
649  0
650  0
651  1
652  0
653  0
654  1
655  1
656  1
657  0
658  1
659  0
660  0
661  0
662  1
663  0
664  2
665  0
666  0
667  0
668  1
669  0
670  0
671  1
672  2
673  0
674  0
675  1
676  3
677  0
678  0
679  1
680  0
681  1
682  0
683  0
684  0
685  0
686  1
687  0
688  2
689  0
690  0
691  1
692  0
693  0
694  0
695  0
696  0
697  1
698  0
699  1
700  1
701  0
702  0
703  0
704  0
705  0
706  1
707  1
708  0
709  1
710  0
711  1
712  0
713  0
714  0
715  0
716  0
717  0
718  0
719  1
720  0
721  0
722  0
723  0
724  0
725  0
726  0
727  0
728  0
729  0
730  0
731  0
732  0
733  0
734  0
735  0
736  0
737  0
738  0
739  0
740  0
741  2
742  0
743  0
744  0
745  0
746  0
747  0
748  0
749  0
750  0
751  0
752  0
753  1
754  0
755  0
756  0
757  0
758  0
759  0
760  0
761  0
762  0
763  0
764  0
765  1
766  0
767  0
768  0
769  0
770  0
771  0
772  0
773  0
774  0
775  0
776  0
777  0
778  0
779  0
780  0
781  0
782  0
783  0
784  0
785  1
786  0
787  0
788  0
789  0
790  0
791  0
792  0
793  0
794  0
795  0
796  0
797  0
798  1
799  0
800  0
801  0
802  0
803  0
804  0
805  0
806  0
807  0
808  0
809  0
810  0
811  0
812  0
813  1
814  0
815  0
816  0
817  0
818  0
819  0
820  0
821  0
822  0
823  0
824  0
825  0
826  0
827  0
828  0
829  0
830  0
831  0
832  0
833  0
834  0
835  0
836  0
837  0
838  0
839  0
840  0
841  1
842  0
843  0
844  0
845  0
846  0
847  0
848  0
849  0
850  0
851  0
852  0
853  0
854  0
855  0
856  0
857  0
858  0
859  0
860  0
861  0
862  0
863  0
864  1
865  0
866  0
867  0
868  0
869  0
870  0
871  0
872  0
873  0
874  0
875  0
876  0
877  0
878  0
879  0
880  0
881  0
882  0
883  0
884  0
885  0
886  0
887  0
888  1
889  0
890  0
891  0
892  0
893  0
894  0
895  0
896  0
897  0
898  0
899  0
900  0
901  0
902  0
903  0
904  0
905  0
906  0
907  0
908  0
909  0
910  0
911  0
912  0
913  0
914  0
915  0
916  0
917  0
918  0
919  0
920  0
921  0
922  0
923  0
924  0
925  0
926  0
927  0
928  0
929  0
930  0
931  0
932  0
933  0
934  0
935  0
936  0
937  0
938  0
939  0
940  0
941  0
942  0
943  0
944  0
945  0
946  0
947  0
948  0
949  0
950  0
951  0
952  0
953  0
954  0
955  0
956  0
957  0
958  0
959  0
960  0
961  0
962  0
963  0
964  0
965  0
966  0
967  0
968  0
969  0
970  0
971  0
972  0
973  0
974  0
975  0
976  0
977  0
978  0
979  0
980  0
981  0
982  0
983  0
984  1
985  0
986  0
987  0
988  0
989  0
990  0
991  0
992  0
993  0
994  0
995  0
996  0
997  0
998  0
999  0
1000  0
1001  0
1002  0
1003  0
1004  0
1005  0
1006  0
1007  1
1008  0
1009  0
1010  1
1011  0
1012  0
1013  1
1014  0
1015  0
1016  0
1017  0
1018  0
1019  0
1020  0
1021  1
1022  0
1023  0
