0  0
1  0
2  0
3  0
4  0
5  0
6  0
7  0
8  0
9  0
10  0
11  0
12  0
13  0
14  0
15  6
16  5
17  5
18  5
19  14
20  9
21  11
22  13
23  9
24  11
25  14
26  10
27  10
28  9
29  7
30  9
31  8
32  6
33  9
34  5
35  9
36  15
37  12
38  9
39  14
40  11
41  11
42  7
43  4
44  6
45  9
46  12
47  9
48  9
49  15
50  9
51  9
52  12
53  9
54  11
55  10
56  34
57  80
58  141
59  179
60  200
61  186
62  197
63  176
64  166
65  159
66  172
67  165
68  160
69  127
70  124
71  143
72  121
73  137
74  121
75  111
76  110
77  106
78  110
79  97
80  110
81  99
82  101
83  98
84  84
85  92
86  71
87  76
88  71
89  73
90  62
91  60
92  60
93  68
94  42
95  49
96  49
97  49
98  47
99  52
100  50
101  47
102  36
103  33
104  44
105  43
106  29
107  47
108  47
109  42
110  44
111  44
112  42
113  38
114  43
115  58
116  54
117  58
118  58
119  49
120  63
121  67
122  69
123  65
124  79
125  77
126  85
127  82
128  97
129  87
130  81
131  79
132  92
133  85
134  101
135  83
136  95
137  93
138  80
139  95
140  84
141  85
142  72
143  71
144  67
145  59
146  35
147  58
148  36
149  36
150  19
151  22
152  28
153  28
154  17
155  23
156  13
157  26
158  7
159  22
160  27
161  14
162  19
163  14
164  10
165  16
166  17
167  12
168  18
169  20
170  12
171  11
172  11
173  9
174  11
175  8
176  7
177  13
178  10
179  14
180  7
181  15
182  15
183  18
184  11
185  14
186  20
187  11
188  12
189  12
190  6
191  15
192  8
193  7
194  7
195  16
196  10
197  12
198  8
199  7
200  12
201  12
202  8
203  12
204  6
205  11
206  10
207  14
208  12
209  6
210  4
211  10
212  5
213  13
214  12
215  9
216  10
217  14
218  10
219  11
220  15
221  11
222  11
223  8
224  4
225  11
226  8
227  13
228  13
229  10
230  5
231  12
232  10
233  15
234  18
235  10
236  18
237  10
238  11
239  10
240  9
241  5
242  9
243  11
244  12
245  5
246  9
247  9
248  9
249  12
250  10
251  15
252  9
253  7
254  7
255  7
256  2
257  12
258  7
259  6
260  14
261  16
262  13
263  10
264  10
265  7
266  9
267  14
268  7
269  3
270  12
271  5
272  7
273  5
274  6
275  4
276  7
277  7
278  4
279  7
280  5
281  3
282  9
283  8
284  3
285  5
286  7
287  5
288  6
289  6
290  2
291  8
292  7
293  6
294  3
295  9
296  1
297  4
298  6
299  6
300  9
301  9
302  7
303  9
304  6
305  2
306  6
307  6
308  7
309  3
310  7
311  6
312  5
313  12
314  5
315  5
316  8
317  9
318  11
319  15
320  17
321  12
322  12
323  13
324  11
325  10
326  10
327  10
328  10
329  10
330  7
331  10
332  8
333  14
334  13
335  13
336  4
337  5
338  7
339  5
340  4
341  3
342  8
343  4
344  4
345  6
346  7
347  1
348  3
349  4
350  3
351  1
352  3
353  1
354  1
355  2
356  3
357  2
358  2
359  2
360  3
361  3
362  4
363  6
364  2
365  3
366  6
367  2
368  1
369  3
370  2
371  4
372  1
373  3
374  2
375  3
376  1
377  1
378  2
379  0
380  1
381  4
382  2
383  0
384  3
385  2
386  1
387  2
388  1
389  1
390  0
391  4
392  3
393  2
394  1
395  1
396  1
397  1
398  2
399  1
400  0
401  1
402  0
403  0
404  0
405  0
406  0
407  0
408  0
409  0
410  0
411  0
412  0
413  1
414  0
415  1
416  2
417  0
418  2
419  1
420  0
421  0
422  0
423  0
424  1
425  1
426  0
427  0
428  0
429  1
430  0
431  0
432  0
433  0
434  1
435  0
436  1
437  2
438  0
439  3
440  1
441  0
442  0
443  0
444  1
445  0
446  0
447  2
448  0
449  1
450  0
451  0
452  3
453  1
454  0
455  1
456  1
457  2
458  0
459  0
460  0
461  0
462  0
463  0
464  1
465  0
466  1
467  0
468  0
469  0
470  0
471  1
472  1
473  2
474  0
475  0
476  0
477  0
478  1
479  0
480  0
481  0
482  0
483  0
484  0
485  0
486  0
487  0
488  0
489  0
490  0
491  0
492  0
493  0
494  0
495  0
496  1
497  0
498  0
499  0
500  1
501  0
502  0
503  0
504  2
505  0
506  0
507  0
508  1
509  0
510  1
511  0
512  0
513  1
514  1
515  1
516  0
517  0
518  0
519  0
520  0
521  0
522  1
523  0
524  0
525  0
526  0
527  0
528  1
529  0
530  0
531  0
532  1
533  1
534  1
535  0
536  0
537  0
538  0
539  0
540  0
541  0
542  0
543  0
544  0
545  0
546  0
547  0
548  0
549  0
550  0
551  0
552  0
553  0
554  0
555  0
556  0
557  0
558  0
559  0
560  0
561  0
562  0
563  0
564  0
565  0
566  0
567  0
568  0
569  0
570  0
571  0
572  0
573  0
574  0
575  0
576  0
577  0
578  0
579  0
580  0
581  0
582  0
583  0
584  0
585  0
586  0
587  0
588  0
589  0
590  0
591  0
592  0
593  0
594  0
595  0
596  0
597  0
598  0
599  0
600  0
601  0
602  0
603  0
604  0
605  0
606  0
607  0
608  0
609  0
610  0
611  0
612  0
613  0
614  0
615  0
616  0
617  0
618  0
619  0
620  0
621  0
622  0
623  0
624  0
625  0
626  0
627  0
628  0
629  0
630  0
631  0
632  0
633  0
634  0
635  0
636  0
637  0
638  0
639  0
640  0
641  0
642  0
643  0
644  0
645  0
646  0
647  0
648  0
649  0
650  0
651  0
652  0
653  0
654  0
655  0
656  0
657  0
658  0
659  0
660  0
661  0
662  0
663  0
664  0
665  0
666  0
667  0
668  0
669  0
670  0
671  0
672  0
673  0
674  0
675  0
676  0
677  0
678  0
679  0
680  0
681  0
682  0
683  0
684  0
685  0
686  0
687  0
688  0
689  0
690  0
691  0
692  0
693  0
694  0
695  0
696  0
697  0
698  0
699  0
700  0
701  0
702  0
703  0
704  0
705  0
706  0
707  0
708  0
709  0
710  0
711  0
712  0
713  0
714  0
715  0
716  0
717  0
718  0
719  0
720  0
721  0
722  0
723  0
724  0
725  0
726  0
727  0
728  0
729  0
730  0
731  0
732  0
733  0
734  0
735  0
736  0
737  0
738  0
739  0
740  0
741  0
742  0
743  0
744  0
745  0
746  0
747  0
748  0
749  0
750  0
751  0
752  0
753  0
754  0
755  0
756  0
757  0
758  0
759  0
760  0
761  0
762  0
763  0
764  0
765  0
766  0
767  0
768  0
769  0
770  0
771  0
772  0
773  0
774  0
775  0
776  0
777  0
778  0
779  0
780  0
781  0
782  0
783  0
784  0
785  0
786  0
787  0
788  0
789  0
790  0
791  0
792  0
793  0
794  0
795  0
796  0
797  0
798  0
799  0
800  0
801  0
802  0
803  0
804  0
805  0
806  0
807  0
808  0
809  0
810  0
811  0
812  0
813  0
814  0
815  0
816  0
817  0
818  0
819  0
820  0
821  0
822  0
823  0
824  0
825  0
826  0
827  0
828  0
829  0
830  0
831  0
832  0
833  0
834  0
835  0
836  0
837  0
838  0
839  0
840  0
841  0
842  0
843  0
844  0
845  0
846  0
847  0
848  0
849  0
850  0
851  0
852  0
853  0
854  0
855  0
856  0
857  0
858  0
859  0
860  0
861  0
862  0
863  0
864  0
865  0
866  0
867  0
868  0
869  0
870  0
871  0
872  0
873  0
874  0
875  0
876  0
877  0
878  0
879  0
880  0
881  0
882  0
883  0
884  0
885  0
886  0
887  0
888  0
889  0
890  0
891  0
892  0
893  0
894  0
895  0
896  0
897  0
898  0
899  0
900  0
901  0
902  0
903  0
904  0
905  0
906  0
907  0
908  0
909  0
910  0
911  0
912  0
913  0
914  0
915  0
916  0
917  0
918  0
919  0
920  0
921  0
922  0
923  0
924  0
925  0
926  0
927  0
928  0
929  0
930  0
931  0
932  0
933  0
934  0
935  0
936  0
937  0
938  0
939  0
940  0
941  0
942  0
943  0
944  0
945  0
946  0
947  0
948  0
949  0
950  0
951  0
952  0
953  0
954  0
955  0
956  0
957  0
958  0
959  0
960  0
961  0
962  0
963  0
964  0
965  0
966  0
967  0
968  0
969  0
970  0
971  0
972  0
973  0
974  0
975  0
976  0
977  0
978  0
979  0
980  0
981  0
982  0
983  0
984  0
985  0
986  0
987  0
988  0
989  0
990  0
991  0
992  0
993  0
994  0
995  0
996  0
997  0
998  0
999  0
1000  0
1001  0
1002  0
1003  0
1004  1
1005  0
1006  0
1007  0
1008  0
1009  0
1010  1
1011  0
1012  0
1013  0
1014  0
1015  0
1016  1
1017  1
1018  0
1019  0
1020  1
1021  1
1022  0
1023  3
