0  0
1  0
2  0
3  0
4  0
5  0
6  0
7  0
8  0
9  0
10  0
11  0
12  0
13  0
14  0
15  7
16  2
17  4
18  6
19  4
20  7
21  6
22  6
23  2
24  3
25  4
26  2
27  9
28  3
29  5
30  7
31  3
32  4
33  4
34  6
35  7
36  8
37  6
38  3
39  1
40  3
41  7
42  6
43  7
44  3
45  8
46  13
47  4
48  7
49  8
50  4
51  7
52  7
53  3
54  8
55  11
56  53
57  151
58  199
59  196
60  195
61  223
62  169
63  172
64  177
65  184
66  150
67  176
68  159
69  129
70  145
71  124
72  144
73  103
74  113
75  118
76  113
77  90
78  107
79  94
80  98
81  100
82  86
83  79
84  89
85  77
86  99
87  83
88  66
89  71
90  66
91  72
92  69
93  59
94  52
95  48
96  55
97  49
98  62
99  43
100  41
101  39
102  45
103  47
104  36
105  39
106  31
107  38
108  40
109  39
110  36
111  36
112  34
113  47
114  39
115  49
116  43
117  46
118  41
119  47
120  58
121  57
122  65
123  57
124  57
125  58
126  70
127  78
128  97
129  74
130  119
131  85
132  121
133  102
134  109
135  122
136  120
137  99
138  110
139  86
140  84
141  88
142  53
143  56
144  52
145  47
146  36
147  39
148  33
149  21
150  32
151  18
152  17
153  14
154  16
155  12
156  12
157  14
158  15
159  16
160  12
161  19
162  18
163  15
164  11
165  15
166  16
167  8
168  13
169  10
170  12
171  17
172  17
173  7
174  11
175  12
176  14
177  16
178  6
179  16
180  16
181  11
182  10
183  11
184  4
185  9
186  9
187  11
188  20
189  11
190  13
191  10
192  8
193  8
194  12
195  9
196  7
197  12
198  9
199  12
200  10
201  8
202  12
203  16
204  11
205  10
206  16
207  10
208  8
209  11
210  10
211  10
212  6
213  5
214  16
215  9
216  6
217  9
218  11
219  10
220  15
221  17
222  9
223  8
224  7
225  10
226  15
227  14
228  7
229  11
230  7
231  10
232  10
233  7
234  13
235  10
236  16
237  10
238  9
239  8
240  9
241  5
242  7
243  10
244  10
245  7
246  9
247  9
248  14
249  12
250  13
251  15
252  9
253  8
254  7
255  9
256  12
257  13
258  6
259  11
260  10
261  10
262  8
263  16
264  11
265  4
266  8
267  5
268  5
269  4
270  8
271  7
272  5
273  6
274  7
275  9
276  7
277  11
278  12
279  3
280  6
281  7
282  3
283  1
284  2
285  3
286  4
287  3
288  3
289  3
290  4
291  4
292  5
293  3
294  4
295  8
296  10
297  4
298  6
299  6
300  6
301  6
302  3
303  8
304  4
305  7
306  10
307  6
308  12
309  9
310  17
311  12
312  12
313  6
314  13
315  16
316  10
317  14
318  9
319  8
320  6
321  21
322  8
323  8
324  8
325  13
326  14
327  4
328  8
329  4
330  9
331  8
332  6
333  1
334  5
335  3
336  5
337  4
338  2
339  5
340  4
341  3
342  5
343  4
344  3
345  3
346  3
347  0
348  5
349  4
350  3
351  2
352  5
353  2
354  3
355  7
356  4
357  2
358  2
359  3
360  3
361  2
362  4
363  3
364  0
365  1
366  0
367  0
368  3
369  1
370  3
371  1
372  3
373  2
374  2
375  2
376  2
377  0
378  3
379  0
380  1
381  1
382  5
383  0
384  0
385  2
386  1
387  3
388  3
389  0
390  0
391  0
392  0
393  1
394  0
395  1
396  0
397  0
398  2
399  0
400  1
401  0
402  1
403  0
404  1
405  1
406  1
407  0
408  2
409  0
410  0
411  1
412  1
413  2
414  0
415  3
416  0
417  0
418  0
419  0
420  0
421  0
422  2
423  0
424  0
425  1
426  1
427  0
428  1
429  1
430  0
431  1
432  0
433  1
434  0
435  0
436  0
437  1
438  0
439  0
440  1
441  1
442  0
443  1
444  2
445  0
446  0
447  0
448  0
449  0
450  0
451  0
452  1
453  2
454  0
455  1
456  0
457  0
458  0
459  1
460  1
461  0
462  0
463  0
464  0
465  1
466  0
467  0
468  1
469  0
470  0
471  1
472  1
473  1
474  0
475  0
476  1
477  0
478  0
479  1
480  1
481  0
482  0
483  1
484  1
485  1
486  1
487  0
488  0
489  0
490  0
491  0
492  0
493  0
494  0
495  0
496  0
497  0
498  0
499  1
500  0
501  0
502  0
503  0
504  1
505  1
506  2
507  1
508  1
509  0
510  0
511  1
512  0
513  1
514  0
515  0
516  0
517  0
518  0
519  1
520  0
521  0
522  0
523  0
524  0
525  0
526  1
527  0
528  0
529  0
530  0
531  0
532  0
533  0
534  0
535  0
536  0
537  0
538  0
539  0
540  0
541  0
542  0
543  0
544  0
545  0
546  0
547  0
548  1
549  0
550  0
551  0
552  0
553  0
554  0
555  0
556  0
557  0
558  0
559  0
560  0
561  0
562  0
563  0
564  0
565  0
566  0
567  0
568  0
569  0
570  0
571  0
572  0
573  0
574  0
575  0
576  0
577  0
578  0
579  0
580  0
581  0
582  0
583  0
584  0
585  0
586  0
587  0
588  0
589  0
590  0
591  0
592  0
593  0
594  0
595  0
596  0
597  0
598  0
599  0
600  0
601  0
602  0
603  0
604  0
605  0
606  0
607  0
608  0
609  0
610  0
611  0
612  0
613  0
614  0
615  0
616  0
617  0
618  0
619  0
620  0
621  0
622  0
623  0
624  0
625  0
626  0
627  0
628  0
629  0
630  0
631  0
632  0
633  0
634  0
635  0
636  0
637  0
638  0
639  0
640  0
641  0
642  0
643  0
644  0
645  0
646  0
647  0
648  0
649  0
650  0
651  0
652  0
653  0
654  0
655  0
656  0
657  0
658  0
659  0
660  0
661  0
662  0
663  0
664  0
665  0
666  0
667  0
668  0
669  0
670  0
671  0
672  0
673  0
674  0
675  0
676  0
677  0
678  0
679  0
680  0
681  0
682  0
683  0
684  0
685  0
686  0
687  0
688  0
689  0
690  0
691  0
692  0
693  0
694  0
695  0
696  0
697  0
698  0
699  0
700  0
701  0
702  0
703  0
704  0
705  0
706  0
707  0
708  0
709  0
710  0
711  0
712  0
713  0
714  0
715  0
716  0
717  0
718  0
719  0
720  0
721  0
722  0
723  0
724  0
725  0
726  0
727  0
728  0
729  0
730  0
731  0
732  0
733  0
734  0
735  0
736  0
737  0
738  0
739  0
740  0
741  0
742  0
743  0
744  0
745  0
746  0
747  0
748  0
749  0
750  0
751  0
752  0
753  0
754  0
755  0
756  0
757  0
758  0
759  0
760  0
761  0
762  0
763  0
764  0
765  0
766  0
767  0
768  0
769  0
770  0
771  0
772  0
773  0
774  0
775  0
776  0
777  0
778  0
779  0
780  0
781  0
782  0
783  0
784  0
785  0
786  0
787  0
788  0
789  0
790  0
791  0
792  0
793  0
794  0
795  0
796  0
797  0
798  0
799  0
800  0
801  0
802  0
803  0
804  0
805  0
806  0
807  0
808  0
809  0
810  0
811  0
812  0
813  0
814  0
815  0
816  0
817  0
818  0
819  0
820  0
821  0
822  0
823  0
824  0
825  0
826  0
827  0
828  0
829  0
830  0
831  0
832  0
833  0
834  0
835  0
836  0
837  0
838  0
839  0
840  0
841  0
842  0
843  0
844  0
845  0
846  0
847  0
848  0
849  0
850  0
851  0
852  0
853  0
854  0
855  0
856  0
857  0
858  0
859  0
860  0
861  0
862  0
863  0
864  0
865  0
866  0
867  0
868  0
869  0
870  0
871  0
872  0
873  0
874  0
875  0
876  0
877  0
878  0
879  0
880  0
881  0
882  0
883  0
884  0
885  0
886  0
887  0
888  0
889  0
890  0
891  0
892  0
893  0
894  0
895  0
896  0
897  0
898  0
899  0
900  0
901  0
902  0
903  0
904  0
905  0
906  0
907  0
908  0
909  0
910  0
911  0
912  0
913  0
914  0
915  0
916  0
917  0
918  0
919  0
920  0
921  0
922  0
923  0
924  0
925  0
926  0
927  0
928  0
929  0
930  0
931  0
932  0
933  0
934  0
935  0
936  0
937  0
938  0
939  0
940  0
941  0
942  0
943  0
944  0
945  0
946  0
947  0
948  0
949  0
950  0
951  0
952  0
953  0
954  0
955  0
956  0
957  0
958  0
959  0
960  0
961  0
962  0
963  0
964  0
965  0
966  0
967  0
968  0
969  0
970  0
971  0
972  0
973  0
974  0
975  0
976  0
977  0
978  0
979  0
980  0
981  0
982  0
983  0
984  0
985  0
986  0
987  0
988  0
989  0
990  0
991  0
992  0
993  0
994  0
995  0
996  0
997  0
998  0
999  0
1000  0
1001  0
1002  0
1003  0
1004  0
1005  0
1006  1
1007  0
1008  0
1009  0
1010  0
1011  0
1012  0
1013  0
1014  0
1015  0
1016  0
1017  0
1018  0
1019  0
1020  0
1021  0
1022  1
1023  1
