0  0
1  0
2  0
3  0
4  0
5  0
6  0
7  0
8  0
9  0
10  0
11  0
12  0
13  0
14  0
15  3
16  3
17  5
18  5
19  0
20  4
21  9
22  5
23  3
24  7
25  7
26  2
27  4
28  7
29  1
30  2
31  4
32  5
33  7
34  3
35  3
36  7
37  3
38  6
39  4
40  7
41  2
42  5
43  5
44  3
45  2
46  7
47  5
48  7
49  5
50  5
51  8
52  9
53  8
54  5
55  5
56  8
57  2
58  11
59  9
60  8
61  4
62  7
63  6
64  5
65  9
66  6
67  7
68  6
69  4
70  9
71  5
72  5
73  6
74  5
75  8
76  5
77  62
78  353
79  446
80  511
81  425
82  452
83  456
84  398
85  427
86  394
87  383
88  394
89  367
90  362
91  346
92  324
93  304
94  314
95  299
96  286
97  314
98  290
99  274
100  278
101  269
102  281
103  204
104  261
105  236
106  222
107  219
108  243
109  201
110  188
111  178
112  181
113  163
114  155
115  188
116  164
117  133
118  150
119  124
120  131
121  118
122  132
123  139
124  114
125  156
126  150
127  161
128  142
129  197
130  175
131  183
132  202
133  185
134  212
135  241
136  299
137  290
138  339
139  335
140  361
141  355
142  412
143  403
144  399
145  400
146  430
147  382
148  397
149  371
150  363
151  345
152  328
153  311
154  279
155  264
156  220
157  196
158  172
159  196
160  145
161  164
162  120
163  114
164  113
165  118
166  103
167  89
168  87
169  64
170  90
171  64
172  81
173  73
174  70
175  80
176  69
177  77
178  58
179  65
180  53
181  69
182  72
183  54
184  49
185  61
186  46
187  43
188  49
189  46
190  42
191  48
192  41
193  44
194  44
195  46
196  55
197  47
198  51
199  42
200  45
201  47
202  48
203  49
204  52
205  51
206  42
207  48
208  54
209  51
210  50
211  39
212  34
213  42
214  41
215  47
216  43
217  43
218  47
219  45
220  49
221  46
222  31
223  42
224  36
225  50
226  43
227  53
228  33
229  34
230  38
231  54
232  45
233  42
234  54
235  44
236  35
237  46
238  48
239  41
240  32
241  56
242  38
243  45
244  52
245  41
246  38
247  38
248  48
249  34
250  33
251  49
252  50
253  39
254  52
255  42
256  53
257  27
258  37
259  28
260  34
261  45
262  51
263  29
264  36
265  48
266  39
267  43
268  38
269  30
270  45
271  30
272  31
273  37
274  31
275  43
276  46
277  28
278  25
279  30
280  30
281  31
282  30
283  28
284  36
285  31
286  20
287  26
288  24
289  21
290  33
291  18
292  29
293  24
294  23
295  22
296  23
297  12
298  24
299  19
300  32
301  16
302  29
303  20
304  22
305  22
306  18
307  21
308  22
309  25
310  26
311  31
312  26
313  22
314  21
315  27
316  37
317  34
318  33
319  33
320  29
321  34
322  43
323  30
324  50
325  35
326  34
327  56
328  35
329  37
330  31
331  44
332  43
333  48
334  43
335  50
336  53
337  61
338  52
339  60
340  54
341  39
342  37
343  51
344  47
345  34
346  44
347  32
348  45
349  34
350  30
351  33
352  36
353  31
354  28
355  21
356  26
357  24
358  24
359  28
360  20
361  23
362  15
363  18
364  26
365  20
366  27
367  20
368  25
369  16
370  17
371  24
372  17
373  22
374  12
375  11
376  16
377  24
378  20
379  11
380  14
381  17
382  16
383  19
384  12
385  13
386  14
387  11
388  14
389  10
390  8
391  14
392  6
393  8
394  13
395  11
396  9
397  7
398  8
399  13
400  12
401  8
402  13
403  10
404  4
405  11
406  8
407  3
408  6
409  6
410  8
411  7
412  10
413  3
414  8
415  6
416  6
417  6
418  6
419  6
420  2
421  6
422  2
423  3
424  1
425  3
426  6
427  4
428  1
429  5
430  5
431  1
432  11
433  6
434  6
435  2
436  4
437  1
438  2
439  5
440  4
441  5
442  5
443  3
444  7
445  3
446  1
447  5
448  3
449  4
450  4
451  6
452  6
453  3
454  3
455  8
456  3
457  3
458  2
459  6
460  7
461  7
462  2
463  4
464  4
465  5
466  3
467  3
468  2
469  4
470  2
471  4
472  0
473  3
474  3
475  1
476  5
477  4
478  3
479  4
480  4
481  3
482  3
483  1
484  3
485  5
486  0
487  1
488  1
489  2
490  5
491  2
492  4
493  5
494  1
495  5
496  3
497  0
498  0
499  0
500  1
501  1
502  1
503  2
504  2
505  1
506  1
507  0
508  1
509  3
510  1
511  0
512  4
513  5
514  1
515  1
516  0
517  3
518  1
519  1
520  1
521  2
522  1
523  2
524  1
525  2
526  1
527  4
528  1
529  1
530  0
531  3
532  1
533  3
534  2
535  7
536  2
537  2
538  0
539  1
540  1
541  0
542  0
543  3
544  1
545  1
546  0
547  1
548  2
549  2
550  0
551  6
552  3
553  2
554  2
555  2
556  0
557  1
558  0
559  1
560  2
561  0
562  1
563  4
564  1
565  2
566  3
567  4
568  1
569  1
570  1
571  2
572  0
573  2
574  3
575  1
576  1
577  0
578  2
579  3
580  1
581  2
582  1
583  2
584  0
585  1
586  1
587  1
588  1
589  0
590  2
591  1
592  0
593  1
594  4
595  1
596  1
597  2
598  2
599  1
600  0
601  2
602  1
603  0
604  0
605  1
606  1
607  0
608  2
609  2
610  1
611  2
612  0
613  1
614  0
615  1
616  0
617  1
618  0
619  0
620  1
621  3
622  2
623  2
624  1
625  2
626  0
627  0
628  0
629  2
630  2
631  2
632  1
633  1
634  1
635  2
636  1
637  0
638  1
639  1
640  0
641  0
642  0
643  0
644  3
645  2
646  1
647  1
648  1
649  1
650  1
651  2
652  3
653  1
654  0
655  1
656  0
657  2
658  1
659  1
660  0
661  2
662  0
663  0
664  1
665  1
666  2
667  2
668  1
669  3
670  1
671  0
672  1
673  0
674  0
675  0
676  1
677  0
678  0
679  0
680  1
681  1
682  0
683  0
684  1
685  0
686  0
687  1
688  1
689  1
690  2
691  2
692  1
693  0
694  1
695  1
696  0
697  0
698  0
699  1
700  0
701  0
702  1
703  1
704  0
705  1
706  1
707  0
708  1
709  1
710  0
711  2
712  1
713  0
714  1
715  0
716  0
717  1
718  1
719  0
720  0
721  0
722  0
723  0
724  1
725  0
726  0
727  1
728  1
729  0
730  0
731  0
732  0
733  1
734  1
735  0
736  2
737  0
738  1
739  0
740  0
741  0
742  1
743  0
744  0
745  1
746  0
747  0
748  1
749  1
750  0
751  0
752  0
753  0
754  0
755  0
756  0
757  0
758  0
759  0
760  0
761  0
762  1
763  0
764  0
765  0
766  0
767  0
768  0
769  0
770  0
771  0
772  0
773  0
774  0
775  0
776  1
777  0
778  0
779  1
780  0
781  1
782  0
783  0
784  0
785  0
786  0
787  0
788  0
789  0
790  0
791  0
792  0
793  0
794  0
795  0
796  1
797  0
798  0
799  0
800  0
801  0
802  0
803  0
804  0
805  0
806  0
807  0
808  0
809  0
810  0
811  0
812  0
813  0
814  0
815  0
816  0
817  0
818  0
819  0
820  0
821  0
822  0
823  0
824  0
825  0
826  0
827  0
828  0
829  0
830  1
831  0
832  0
833  0
834  1
835  0
836  0
837  0
838  0
839  0
840  0
841  0
842  0
843  0
844  0
845  0
846  0
847  0
848  0
849  0
850  0
851  0
852  1
853  0
854  0
855  0
856  0
857  1
858  0
859  0
860  0
861  0
862  1
863  0
864  0
865  0
866  0
867  1
868  0
869  0
870  0
871  0
872  0
873  0
874  1
875  1
876  0
877  0
878  0
879  0
880  1
881  0
882  1
883  0
884  0
885  1
886  0
887  1
888  0
889  0
890  0
891  0
892  0
893  0
894  0
895  0
896  0
897  0
898  0
899  0
900  0
901  0
902  0
903  0
904  0
905  0
906  0
907  0
908  0
909  0
910  0
911  0
912  0
913  0
914  0
915  0
916  0
917  0
918  0
919  0
920  0
921  0
922  0
923  0
924  0
925  0
926  0
927  0
928  0
929  0
930  0
931  0
932  0
933  0
934  0
935  0
936  0
937  0
938  0
939  0
940  0
941  0
942  0
943  0
944  0
945  0
946  0
947  0
948  0
949  0
950  0
951  0
952  0
953  0
954  0
955  0
956  0
957  0
958  0
959  0
960  0
961  0
962  0
963  0
964  0
965  0
966  0
967  0
968  0
969  0
970  0
971  0
972  0
973  0
974  0
975  0
976  0
977  0
978  0
979  0
980  0
981  0
982  0
983  0
984  0
985  0
986  0
987  0
988  0
989  0
990  0
991  0
992  0
993  0
994  0
995  0
996  0
997  0
998  0
999  0
1000  0
1001  0
1002  0
1003  0
1004  0
1005  0
1006  0
1007  0
1008  0
1009  0
1010  0
1011  0
1012  0
1013  0
1014  0
1015  1
1016  0
1017  0
1018  0
1019  0
1020  0
1021  1
1022  0
1023  0
