0  0
1  0
2  0
3  0
4  0
5  0
6  0
7  0
8  0
9  0
10  0
11  0
12  0
13  0
14  0
15  0
16  1
17  2
18  3
19  5
20  0
21  1
22  1
23  0
24  2
25  0
26  0
27  1
28  1
29  0
30  1
31  1
32  0
33  2
34  3
35  2
36  3
37  1
38  2
39  1
40  5
41  2
42  1
43  1
44  2
45  0
46  1
47  3
48  3
49  2
50  4
51  2
52  2
53  1
54  2
55  3
56  1
57  3
58  3
59  0
60  2
61  1
62  2
63  1
64  1
65  1
66  1
67  0
68  2
69  5
70  3
71  0
72  2
73  1
74  1
75  1
76  2
77  59
78  347
79  468
80  471
81  446
82  443
83  401
84  386
85  397
86  332
87  360
88  372
89  330
90  329
91  344
92  308
93  316
94  297
95  309
96  288
97  272
98  281
99  261
100  265
101  229
102  210
103  245
104  228
105  226
106  197
107  213
108  197
109  194
110  175
111  183
112  164
113  172
114  147
115  155
116  142
117  142
118  131
119  147
120  131
121  139
122  120
123  134
124  104
125  150
126  137
127  149
128  145
129  156
130  174
131  197
132  184
133  166
134  205
135  230
136  227
137  299
138  332
139  297
140  314
141  346
142  376
143  349
144  376
145  358
146  390
147  404
148  333
149  355
150  345
151  323
152  297
153  294
154  252
155  226
156  200
157  194
158  177
159  160
160  142
161  123
162  123
163  114
164  102
165  103
166  103
167  101
168  81
169  71
170  71
171  46
172  62
173  58
174  53
175  63
176  51
177  55
178  62
179  58
180  54
181  54
182  51
183  54
184  66
185  58
186  45
187  61
188  56
189  45
190  55
191  37
192  49
193  50
194  58
195  49
196  45
197  41
198  52
199  47
200  42
201  40
202  41
203  46
204  43
205  29
206  48
207  46
208  34
209  59
210  39
211  33
212  45
213  23
214  40
215  46
216  35
217  51
218  41
219  43
220  35
221  43
222  55
223  43
224  43
225  40
226  31
227  51
228  44
229  31
230  49
231  44
232  38
233  42
234  43
235  39
236  38
237  37
238  40
239  45
240  35
241  37
242  32
243  48
244  50
245  38
246  37
247  49
248  37
249  37
250  42
251  41
252  30
253  37
254  41
255  39
256  44
257  49
258  32
259  36
260  43
261  45
262  35
263  46
264  43
265  41
266  31
267  31
268  34
269  50
270  32
271  34
272  41
273  40
274  38
275  26
276  26
277  40
278  29
279  31
280  23
281  36
282  25
283  26
284  22
285  19
286  27
287  22
288  25
289  20
290  26
291  26
292  16
293  22
294  21
295  19
296  19
297  20
298  24
299  27
300  16
301  20
302  25
303  17
304  20
305  21
306  23
307  21
308  20
309  22
310  29
311  24
312  12
313  27
314  22
315  31
316  26
317  25
318  38
319  28
320  22
321  30
322  37
323  35
324  32
325  27
326  37
327  40
328  42
329  37
330  40
331  49
332  40
333  55
334  39
335  37
336  46
337  53
338  47
339  62
340  52
341  40
342  49
343  45
344  45
345  43
346  38
347  29
348  32
349  31
350  26
351  34
352  25
353  44
354  25
355  10
356  24
357  22
358  17
359  21
360  15
361  20
362  34
363  28
364  18
365  23
366  18
367  20
368  17
369  17
370  14
371  20
372  11
373  13
374  18
375  18
376  12
377  13
378  18
379  11
380  8
381  11
382  20
383  18
384  20
385  12
386  13
387  15
388  13
389  9
390  19
391  12
392  17
393  13
394  17
395  13
396  8
397  11
398  12
399  12
400  14
401  7
402  12
403  9
404  8
405  9
406  12
407  6
408  9
409  9
410  6
411  7
412  2
413  10
414  4
415  4
416  7
417  8
418  12
419  3
420  5
421  4
422  3
423  4
424  1
425  2
426  3
427  5
428  3
429  1
430  4
431  6
432  6
433  4
434  4
435  6
436  1
437  4
438  3
439  2
440  1
441  3
442  5
443  6
444  4
445  3
446  1
447  6
448  2
449  4
450  5
451  7
452  7
453  6
454  3
455  2
456  2
457  6
458  5
459  5
460  4
461  1
462  2
463  4
464  6
465  3
466  4
467  1
468  3
469  3
470  5
471  2
472  1
473  5
474  1
475  4
476  4
477  2
478  4
479  1
480  3
481  4
482  1
483  3
484  4
485  2
486  3
487  3
488  2
489  3
490  1
491  5
492  2
493  4
494  3
495  2
496  3
497  0
498  1
499  1
500  0
501  4
502  1
503  0
504  2
505  2
506  2
507  2
508  2
509  0
510  1
511  1
512  1
513  2
514  0
515  1
516  0
517  3
518  2
519  1
520  1
521  0
522  1
523  1
524  1
525  2
526  3
527  0
528  2
529  1
530  3
531  1
532  1
533  3
534  2
535  1
536  1
537  4
538  2
539  3
540  4
541  1
542  2
543  2
544  1
545  3
546  2
547  2
548  3
549  2
550  2
551  3
552  1
553  1
554  0
555  4
556  2
557  2
558  0
559  1
560  3
561  3
562  1
563  2
564  1
565  3
566  2
567  0
568  2
569  2
570  2
571  0
572  1
573  0
574  1
575  2
576  1
577  1
578  2
579  1
580  1
581  1
582  4
583  1
584  2
585  0
586  0
587  0
588  1
589  1
590  2
591  3
592  1
593  1
594  0
595  0
596  0
597  2
598  2
599  1
600  0
601  3
602  0
603  0
604  1
605  1
606  3
607  0
608  2
609  0
610  0
611  3
612  0
613  1
614  0
615  0
616  1
617  2
618  0
619  2
620  2
621  1
622  0
623  0
624  2
625  2
626  2
627  0
628  1
629  2
630  1
631  0
632  0
633  1
634  0
635  0
636  2
637  1
638  1
639  0
640  0
641  1
642  2
643  0
644  1
645  1
646  0
647  2
648  2
649  0
650  1
651  0
652  1
653  0
654  0
655  1
656  1
657  1
658  0
659  1
660  2
661  0
662  0
663  0
664  1
665  2
666  1
667  0
668  2
669  1
670  1
671  0
672  1
673  0
674  0
675  0
676  0
677  1
678  2
679  2
680  2
681  3
682  2
683  0
684  0
685  1
686  1
687  1
688  1
689  2
690  0
691  0
692  0
693  0
694  1
695  0
696  0
697  0
698  0
699  3
700  0
701  0
702  1
703  0
704  1
705  1
706  1
707  0
708  0
709  2
710  0
711  0
712  0
713  0
714  1
715  1
716  1
717  0
718  0
719  0
720  0
721  1
722  2
723  0
724  0
725  0
726  2
727  0
728  0
729  0
730  0
731  0
732  0
733  0
734  0
735  0
736  0
737  0
738  1
739  0
740  0
741  0
742  1
743  0
744  0
745  0
746  0
747  1
748  1
749  0
750  0
751  0
752  0
753  1
754  0
755  1
756  0
757  0
758  0
759  0
760  0
761  1
762  0
763  0
764  0
765  0
766  1
767  0
768  0
769  0
770  0
771  0
772  0
773  0
774  0
775  0
776  0
777  0
778  0
779  1
780  1
781  0
782  0
783  1
784  0
785  0
786  0
787  0
788  0
789  0
790  0
791  0
792  0
793  0
794  1
795  0
796  0
797  0
798  0
799  1
800  0
801  0
802  0
803  1
804  0
805  0
806  0
807  0
808  0
809  1
810  0
811  0
812  0
813  1
814  1
815  0
816  0
817  1
818  0
819  1
820  0
821  0
822  0
823  0
824  0
825  0
826  1
827  0
828  0
829  0
830  0
831  0
832  0
833  0
834  0
835  0
836  0
837  0
838  0
839  0
840  0
841  0
842  0
843  0
844  0
845  0
846  1
847  0
848  0
849  0
850  0
851  0
852  0
853  1
854  0
855  0
856  0
857  0
858  0
859  0
860  0
861  0
862  0
863  0
864  0
865  1
866  0
867  0
868  0
869  0
870  1
871  0
872  0
873  0
874  0
875  0
876  0
877  0
878  0
879  2
880  0
881  0
882  0
883  0
884  0
885  0
886  1
887  0
888  0
889  1
890  0
891  1
892  0
893  1
894  0
895  0
896  0
897  1
898  0
899  0
900  0
901  0
902  0
903  0
904  0
905  0
906  0
907  0
908  0
909  0
910  0
911  0
912  0
913  0
914  0
915  0
916  0
917  0
918  0
919  0
920  0
921  0
922  0
923  0
924  0
925  0
926  0
927  0
928  0
929  0
930  0
931  0
932  0
933  0
934  0
935  0
936  0
937  0
938  0
939  0
940  0
941  0
942  0
943  0
944  0
945  0
946  0
947  0
948  0
949  0
950  0
951  0
952  0
953  0
954  0
955  0
956  1
957  0
958  0
959  0
960  0
961  0
962  0
963  0
964  0
965  0
966  0
967  0
968  0
969  0
970  0
971  0
972  0
973  0
974  0
975  0
976  0
977  0
978  0
979  0
980  0
981  0
982  0
983  0
984  0
985  0
986  1
987  0
988  0
989  0
990  0
991  0
992  0
993  0
994  0
995  0
996  0
997  0
998  0
999  0
1000  0
1001  1
1002  0
1003  0
1004  0
1005  0
1006  1
1007  0
1008  0
1009  0
1010  0
1011  0
1012  0
1013  0
1014  0
1015  0
1016  0
1017  1
1018  0
1019  0
1020  1
1021  1
1022  2
1023  0
