0  0
1  0
2  0
3  0
4  0
5  0
6  0
7  0
8  0
9  0
10  0
11  0
12  0
13  0
14  0
15  6
16  0
17  5
18  4
19  5
20  6
21  2
22  4
23  7
24  6
25  5
26  3
27  3
28  7
29  2
30  7
31  6
32  6
33  4
34  2
35  5
36  3
37  3
38  6
39  2
40  10
41  6
42  7
43  5
44  5
45  6
46  4
47  1
48  3
49  5
50  3
51  7
52  8
53  8
54  6
55  8
56  6
57  3
58  5
59  7
60  7
61  5
62  1
63  6
64  3
65  3
66  5
67  5
68  3
69  4
70  5
71  4
72  7
73  3
74  3
75  4
76  3
77  21
78  168
79  260
80  218
81  208
82  225
83  215
84  216
85  201
86  185
87  213
88  194
89  177
90  168
91  187
92  186
93  187
94  170
95  162
96  162
97  168
98  145
99  157
100  126
101  115
102  114
103  106
104  122
105  118
106  101
107  88
108  96
109  115
110  109
111  85
112  111
113  89
114  85
115  87
116  77
117  75
118  78
119  74
120  62
121  68
122  77
123  57
124  59
125  61
126  73
127  84
128  67
129  86
130  76
131  94
132  88
133  113
134  124
135  123
136  151
137  158
138  149
139  144
140  174
141  181
142  204
143  199
144  200
145  190
146  195
147  201
148  209
149  216
150  159
151  163
152  169
153  144
154  131
155  129
156  113
157  118
158  108
159  93
160  84
161  73
162  73
163  48
164  64
165  53
166  47
167  48
168  35
169  35
170  44
171  42
172  42
173  27
174  42
175  31
176  32
177  39
178  35
179  27
180  28
181  37
182  30
183  43
184  32
185  31
186  26
187  28
188  29
189  31
190  18
191  23
192  18
193  21
194  21
195  23
196  21
197  23
198  12
199  29
200  23
201  23
202  25
203  23
204  28
205  25
206  26
207  29
208  22
209  17
210  21
211  29
212  21
213  16
214  22
215  19
216  31
217  22
218  19
219  26
220  10
221  18
222  24
223  25
224  17
225  24
226  24
227  22
228  24
229  15
230  21
231  25
232  29
233  26
234  24
235  11
236  28
237  28
238  24
239  24
240  26
241  17
242  23
243  15
244  14
245  21
246  23
247  29
248  25
249  20
250  24
251  26
252  24
253  22
254  22
255  27
256  23
257  19
258  17
259  30
260  14
261  20
262  20
263  24
264  18
265  23
266  22
267  28
268  16
269  26
270  21
271  24
272  13
273  17
274  19
275  15
276  19
277  12
278  17
279  14
280  15
281  12
282  18
283  17
284  14
285  9
286  21
287  16
288  12
289  13
290  13
291  12
292  7
293  16
294  13
295  14
296  16
297  13
298  10
299  16
300  9
301  15
302  15
303  5
304  13
305  9
306  11
307  13
308  20
309  7
310  10
311  14
312  13
313  11
314  18
315  19
316  16
317  14
318  27
319  15
320  15
321  17
322  14
323  25
324  29
325  20
326  16
327  17
328  22
329  23
330  26
331  25
332  26
333  23
334  20
335  22
336  12
337  29
338  14
339  20
340  21
341  23
342  28
343  16
344  17
345  22
346  25
347  18
348  13
349  13
350  18
351  16
352  14
353  15
354  11
355  8
356  11
357  16
358  23
359  12
360  10
361  13
362  8
363  9
364  11
365  8
366  9
367  10
368  12
369  10
370  6
371  18
372  11
373  8
374  11
375  10
376  10
377  15
378  11
379  9
380  11
381  5
382  8
383  9
384  8
385  6
386  6
387  9
388  7
389  6
390  6
391  6
392  12
393  8
394  5
395  6
396  4
397  7
398  4
399  5
400  4
401  1
402  2
403  3
404  7
405  5
406  3
407  4
408  5
409  4
410  3
411  5
412  4
413  1
414  4
415  4
416  2
417  0
418  2
419  5
420  1
421  6
422  2
423  2
424  3
425  0
426  2
427  3
428  0
429  2
430  2
431  0
432  1
433  1
434  2
435  2
436  1
437  3
438  2
439  1
440  1
441  4
442  1
443  2
444  5
445  3
446  1
447  0
448  1
449  3
450  2
451  1
452  2
453  0
454  0
455  3
456  2
457  2
458  4
459  5
460  3
461  3
462  0
463  3
464  1
465  1
466  2
467  3
468  3
469  3
470  2
471  3
472  0
473  1
474  2
475  0
476  3
477  1
478  2
479  2
480  0
481  2
482  2
483  0
484  1
485  2
486  4
487  0
488  0
489  3
490  2
491  0
492  0
493  1
494  0
495  1
496  0
497  3
498  0
499  3
500  0
501  3
502  2
503  1
504  1
505  2
506  0
507  1
508  1
509  1
510  1
511  0
512  0
513  0
514  1
515  1
516  0
517  1
518  1
519  2
520  0
521  2
522  2
523  1
524  1
525  2
526  1
527  1
528  1
529  1
530  2
531  1
532  2
533  0
534  0
535  1
536  1
537  0
538  1
539  1
540  4
541  1
542  1
543  1
544  1
545  2
546  0
547  0
548  0
549  1
550  2
551  0
552  1
553  1
554  1
555  0
556  0
557  3
558  0
559  0
560  1
561  1
562  0
563  3
564  0
565  0
566  0
567  0
568  0
569  1
570  1
571  0
572  2
573  2
574  0
575  1
576  1
577  2
578  1
579  1
580  0
581  0
582  2
583  0
584  0
585  1
586  1
587  0
588  0
589  0
590  2
591  0
592  0
593  1
594  1
595  0
596  0
597  0
598  1
599  1
600  1
601  0
602  1
603  0
604  2
605  1
606  1
607  0
608  0
609  1
610  0
611  0
612  2
613  0
614  1
615  1
616  0
617  0
618  1
619  3
620  0
621  0
622  0
623  0
624  0
625  0
626  0
627  0
628  0
629  0
630  1
631  0
632  2
633  0
634  0
635  0
636  0
637  0
638  1
639  0
640  0
641  1
642  0
643  1
644  1
645  0
646  0
647  0
648  0
649  0
650  0
651  0
652  0
653  1
654  1
655  1
656  0
657  0
658  0
659  1
660  1
661  1
662  2
663  0
664  0
665  0
666  0
667  1
668  1
669  0
670  0
671  0
672  1
673  1
674  0
675  1
676  0
677  0
678  0
679  0
680  4
681  0
682  0
683  0
684  0
685  1
686  0
687  0
688  1
689  0
690  1
691  1
692  0
693  2
694  0
695  0
696  0
697  0
698  0
699  0
700  0
701  0
702  0
703  0
704  0
705  1
706  0
707  1
708  0
709  1
710  0
711  0
712  0
713  0
714  0
715  0
716  0
717  0
718  0
719  0
720  1
721  0
722  0
723  0
724  0
725  1
726  0
727  0
728  0
729  0
730  0
731  0
732  0
733  0
734  0
735  0
736  1
737  0
738  0
739  0
740  0
741  0
742  0
743  0
744  0
745  0
746  0
747  0
748  0
749  0
750  1
751  1
752  0
753  0
754  0
755  0
756  0
757  0
758  0
759  0
760  0
761  1
762  0
763  0
764  0
765  1
766  0
767  0
768  0
769  0
770  0
771  1
772  0
773  0
774  0
775  0
776  0
777  0
778  0
779  0
780  0
781  0
782  0
783  1
784  0
785  0
786  0
787  0
788  0
789  0
790  1
791  0
792  0
793  0
794  0
795  0
796  0
797  0
798  0
799  0
800  0
801  0
802  0
803  0
804  0
805  0
806  0
807  1
808  0
809  0
810  0
811  0
812  0
813  0
814  0
815  0
816  0
817  0
818  0
819  0
820  0
821  0
822  0
823  0
824  0
825  1
826  0
827  0
828  0
829  0
830  0
831  0
832  0
833  0
834  0
835  0
836  0
837  0
838  0
839  0
840  0
841  0
842  0
843  0
844  0
845  1
846  0
847  0
848  0
849  0
850  0
851  0
852  0
853  0
854  0
855  0
856  0
857  0
858  0
859  0
860  0
861  0
862  0
863  0
864  0
865  0
866  0
867  0
868  0
869  0
870  0
871  0
872  0
873  0
874  0
875  0
876  0
877  0
878  0
879  0
880  0
881  0
882  0
883  0
884  0
885  0
886  0
887  0
888  0
889  0
890  0
891  0
892  0
893  0
894  0
895  0
896  0
897  0
898  0
899  0
900  0
901  0
902  0
903  0
904  0
905  0
906  0
907  0
908  0
909  0
910  0
911  0
912  0
913  0
914  0
915  0
916  0
917  0
918  0
919  0
920  0
921  0
922  0
923  0
924  0
925  0
926  0
927  0
928  0
929  0
930  0
931  0
932  0
933  0
934  0
935  0
936  0
937  0
938  0
939  0
940  0
941  0
942  0
943  0
944  0
945  0
946  0
947  0
948  0
949  0
950  0
951  0
952  0
953  0
954  0
955  0
956  0
957  0
958  0
959  0
960  0
961  0
962  0
963  0
964  0
965  0
966  0
967  0
968  0
969  0
970  0
971  0
972  0
973  0
974  0
975  0
976  0
977  0
978  0
979  0
980  0
981  0
982  0
983  0
984  0
985  0
986  1
987  1
988  0
989  0
990  0
991  0
992  0
993  0
994  0
995  0
996  0
997  0
998  0
999  0
1000  0
1001  0
1002  0
1003  0
1004  0
1005  0
1006  0
1007  0
1008  0
1009  0
1010  0
1011  0
1012  0
1013  0
1014  0
1015  0
1016  0
1017  0
1018  0
1019  0
1020  0
1021  0
1022  0
1023  0
