0  0
1  0
2  0
3  0
4  0
5  0
6  0
7  0
8  0
9  0
10  0
11  0
12  0
13  0
14  0
15  3
16  1
17  0
18  0
19  1
20  2
21  3
22  1
23  2
24  1
25  1
26  2
27  2
28  2
29  0
30  2
31  3
32  2
33  2
34  2
35  4
36  1
37  3
38  3
39  2
40  4
41  1
42  2
43  0
44  5
45  1
46  3
47  1
48  3
49  2
50  3
51  2
52  1
53  1
54  3
55  2
56  2
57  2
58  8
59  44
60  189
61  296
62  362
63  365
64  364
65  326
66  334
67  280
68  315
69  275
70  273
71  265
72  221
73  268
74  266
75  208
76  215
77  213
78  211
79  183
80  210
81  188
82  201
83  175
84  177
85  144
86  174
87  166
88  153
89  169
90  152
91  141
92  143
93  137
94  122
95  110
96  123
97  114
98  98
99  113
100  111
101  77
102  91
103  79
104  75
105  73
106  95
107  76
108  78
109  66
110  72
111  62
112  76
113  67
114  62
115  55
116  76
117  60
118  74
119  61
120  70
121  78
122  89
123  89
124  78
125  100
126  88
127  92
128  78
129  109
130  124
131  134
132  133
133  163
134  191
135  213
136  197
137  201
138  212
139  219
140  240
141  211
142  210
143  211
144  169
145  198
146  135
147  143
148  122
149  116
150  97
151  83
152  58
153  53
154  27
155  43
156  48
157  31
158  29
159  32
160  33
161  34
162  31
163  25
164  33
165  28
166  15
167  23
168  22
169  25
170  24
171  30
172  19
173  25
174  28
175  19
176  26
177  27
178  28
179  22
180  24
181  28
182  16
183  19
184  17
185  18
186  23
187  19
188  21
189  23
190  18
191  24
192  23
193  23
194  26
195  21
196  26
197  13
198  23
199  27
200  19
201  17
202  19
203  27
204  18
205  17
206  27
207  20
208  20
209  26
210  21
211  19
212  23
213  23
214  14
215  25
216  18
217  16
218  21
219  20
220  20
221  19
222  19
223  23
224  21
225  26
226  20
227  17
228  26
229  17
230  26
231  22
232  23
233  24
234  16
235  13
236  21
237  17
238  22
239  21
240  24
241  32
242  23
243  14
244  17
245  23
246  16
247  14
248  24
249  14
250  18
251  13
252  11
253  15
254  13
255  21
256  28
257  26
258  21
259  15
260  14
261  12
262  19
263  17
264  25
265  20
266  15
267  14
268  13
269  15
270  20
271  16
272  15
273  18
274  12
275  23
276  14
277  11
278  14
279  11
280  10
281  12
282  20
283  17
284  17
285  16
286  5
287  11
288  12
289  10
290  15
291  8
292  12
293  9
294  12
295  12
296  12
297  12
298  8
299  10
300  11
301  9
302  6
303  6
304  13
305  9
306  18
307  7
308  11
309  15
310  12
311  13
312  9
313  9
314  15
315  11
316  9
317  19
318  15
319  12
320  17
321  23
322  15
323  15
324  12
325  14
326  21
327  20
328  23
329  22
330  18
331  23
332  24
333  23
334  27
335  10
336  16
337  18
338  18
339  18
340  20
341  11
342  16
343  19
344  13
345  7
346  7
347  8
348  8
349  5
350  11
351  7
352  6
353  7
354  5
355  5
356  4
357  9
358  7
359  4
360  5
361  2
362  7
363  6
364  6
365  6
366  4
367  9
368  6
369  5
370  3
371  2
372  10
373  9
374  5
375  3
376  2
377  6
378  4
379  3
380  1
381  3
382  5
383  4
384  5
385  7
386  4
387  3
388  2
389  2
390  1
391  3
392  3
393  3
394  2
395  5
396  2
397  3
398  0
399  5
400  1
401  5
402  2
403  1
404  4
405  0
406  1
407  2
408  1
409  0
410  2
411  1
412  1
413  2
414  0
415  4
416  2
417  3
418  1
419  0
420  0
421  2
422  1
423  0
424  2
425  3
426  0
427  2
428  0
429  0
430  2
431  2
432  1
433  0
434  2
435  0
436  1
437  1
438  0
439  2
440  3
441  1
442  1
443  0
444  1
445  4
446  0
447  1
448  0
449  2
450  1
451  0
452  0
453  0
454  0
455  1
456  0
457  0
458  2
459  0
460  1
461  0
462  0
463  1
464  0
465  1
466  0
467  0
468  0
469  0
470  1
471  2
472  0
473  1
474  1
475  0
476  0
477  1
478  1
479  0
480  0
481  0
482  0
483  0
484  3
485  0
486  1
487  2
488  0
489  2
490  0
491  0
492  0
493  1
494  0
495  0
496  0
497  0
498  1
499  2
500  0
501  0
502  0
503  0
504  1
505  1
506  0
507  0
508  1
509  0
510  0
511  0
512  1
513  0
514  0
515  0
516  0
517  0
518  0
519  1
520  0
521  0
522  1
523  1
524  0
525  3
526  1
527  1
528  3
529  1
530  0
531  1
532  1
533  1
534  1
535  0
536  1
537  0
538  0
539  1
540  0
541  0
542  0
543  0
544  0
545  2
546  0
547  0
548  2
549  1
550  1
551  0
552  1
553  2
554  0
555  0
556  0
557  0
558  0
559  0
560  0
561  0
562  0
563  0
564  0
565  0
566  0
567  0
568  0
569  0
570  0
571  0
572  0
573  0
574  0
575  0
576  0
577  0
578  0
579  0
580  0
581  0
582  0
583  0
584  0
585  0
586  0
587  0
588  0
589  0
590  0
591  0
592  0
593  0
594  0
595  0
596  0
597  0
598  0
599  0
600  0
601  0
602  0
603  0
604  0
605  0
606  0
607  0
608  0
609  0
610  0
611  0
612  0
613  0
614  0
615  0
616  0
617  0
618  0
619  0
620  0
621  0
622  0
623  0
624  0
625  0
626  0
627  0
628  0
629  0
630  0
631  0
632  0
633  0
634  0
635  0
636  0
637  0
638  0
639  0
640  0
641  0
642  0
643  0
644  0
645  0
646  0
647  0
648  0
649  0
650  0
651  0
652  0
653  0
654  0
655  0
656  0
657  0
658  0
659  0
660  0
661  0
662  0
663  0
664  0
665  0
666  0
667  0
668  0
669  0
670  0
671  0
672  0
673  0
674  0
675  0
676  0
677  0
678  0
679  0
680  0
681  0
682  0
683  0
684  0
685  0
686  0
687  0
688  0
689  0
690  0
691  0
692  0
693  0
694  0
695  0
696  0
697  0
698  0
699  0
700  0
701  0
702  0
703  0
704  0
705  0
706  0
707  0
708  0
709  0
710  0
711  0
712  0
713  0
714  0
715  0
716  0
717  0
718  0
719  0
720  0
721  0
722  0
723  0
724  0
725  0
726  0
727  0
728  0
729  0
730  0
731  0
732  0
733  0
734  0
735  0
736  0
737  0
738  0
739  0
740  0
741  0
742  0
743  0
744  0
745  0
746  0
747  0
748  0
749  0
750  0
751  0
752  0
753  0
754  0
755  0
756  0
757  0
758  0
759  0
760  0
761  0
762  0
763  0
764  0
765  0
766  0
767  0
768  0
769  0
770  0
771  0
772  0
773  0
774  0
775  0
776  0
777  0
778  0
779  0
780  0
781  0
782  0
783  0
784  0
785  0
786  0
787  0
788  0
789  0
790  0
791  0
792  0
793  0
794  0
795  0
796  0
797  0
798  0
799  0
800  0
801  0
802  0
803  0
804  0
805  0
806  0
807  0
808  0
809  0
810  0
811  0
812  0
813  0
814  0
815  0
816  0
817  0
818  0
819  0
820  0
821  0
822  0
823  0
824  0
825  0
826  0
827  0
828  0
829  0
830  0
831  0
832  0
833  0
834  0
835  0
836  0
837  0
838  0
839  0
840  0
841  0
842  0
843  0
844  0
845  0
846  0
847  0
848  0
849  0
850  0
851  0
852  0
853  0
854  0
855  0
856  0
857  0
858  0
859  0
860  0
861  0
862  0
863  0
864  0
865  0
866  0
867  0
868  0
869  0
870  0
871  0
872  0
873  0
874  0
875  0
876  0
877  0
878  0
879  0
880  0
881  0
882  0
883  0
884  0
885  0
886  0
887  0
888  0
889  0
890  0
891  0
892  0
893  0
894  0
895  0
896  0
897  0
898  0
899  0
900  0
901  0
902  0
903  0
904  0
905  0
906  0
907  0
908  0
909  0
910  0
911  0
912  0
913  0
914  0
915  0
916  0
917  0
918  0
919  0
920  0
921  0
922  0
923  0
924  0
925  0
926  0
927  0
928  0
929  0
930  0
931  0
932  0
933  0
934  0
935  0
936  0
937  0
938  0
939  0
940  0
941  0
942  0
943  0
944  0
945  0
946  0
947  0
948  0
949  0
950  0
951  0
952  0
953  0
954  0
955  0
956  0
957  0
958  0
959  0
960  0
961  0
962  0
963  0
964  0
965  0
966  0
967  0
968  0
969  0
970  0
971  0
972  0
973  0
974  0
975  0
976  0
977  0
978  0
979  0
980  0
981  0
982  0
983  0
984  0
985  0
986  0
987  0
988  0
989  0
990  0
991  0
992  0
993  0
994  0
995  0
996  0
997  0
998  0
999  0
1000  0
1001  0
1002  0
1003  0
1004  0
1005  0
1006  0
1007  0
1008  1
1009  0
1010  0
1011  0
1012  0
1013  0
1014  0
1015  1
1016  2
1017  1
1018  0
1019  0
1020  3
1021  0
1022  0
1023  0
