0  0
1  0
2  0
3  0
4  0
5  0
6  0
7  0
8  0
9  0
10  0
11  0
12  0
13  0
14  0
15  13
16  13
17  14
18  9
19  20
20  10
21  18
22  11
23  14
24  13
25  13
26  13
27  15
28  10
29  8
30  14
31  9
32  12
33  13
34  9
35  13
36  16
37  17
38  11
39  11
40  14
41  14
42  10
43  19
44  14
45  17
46  23
47  20
48  19
49  25
50  21
51  17
52  10
53  17
54  19
55  23
56  15
57  7
58  9
59  36
60  215
61  350
62  363
63  380
64  367
65  325
66  338
67  314
68  311
69  309
70  304
71  255
72  230
73  254
74  244
75  221
76  232
77  209
78  182
79  167
80  178
81  182
82  208
83  198
84  169
85  179
86  189
87  190
88  155
89  134
90  147
91  146
92  138
93  155
94  107
95  116
96  123
97  105
98  127
99  125
100  111
101  94
102  76
103  97
104  99
105  80
106  75
107  74
108  82
109  80
110  71
111  66
112  63
113  70
114  88
115  69
116  71
117  81
118  87
119  102
120  108
121  103
122  116
123  104
124  105
125  116
126  126
127  141
128  136
129  121
130  130
131  154
132  155
133  157
134  155
135  170
136  212
137  179
138  225
139  171
140  189
141  180
142  188
143  164
144  170
145  147
146  119
147  125
148  98
149  65
150  74
151  75
152  59
153  53
154  54
155  38
156  45
157  44
158  29
159  31
160  31
161  24
162  26
163  23
164  33
165  30
166  24
167  25
168  34
169  37
170  25
171  24
172  23
173  25
174  24
175  27
176  24
177  29
178  23
179  24
180  19
181  26
182  20
183  21
184  16
185  20
186  17
187  14
188  28
189  17
190  18
191  25
192  13
193  19
194  18
195  23
196  21
197  16
198  18
199  27
200  13
201  28
202  25
203  19
204  30
205  14
206  24
207  25
208  21
209  14
210  21
211  18
212  25
213  23
214  23
215  18
216  12
217  17
218  28
219  18
220  20
221  24
222  17
223  25
224  22
225  20
226  25
227  20
228  23
229  24
230  17
231  17
232  25
233  22
234  18
235  19
236  19
237  29
238  24
239  22
240  21
241  25
242  20
243  21
244  27
245  23
246  23
247  23
248  18
249  20
250  15
251  12
252  9
253  21
254  18
255  20
256  21
257  15
258  10
259  13
260  20
261  16
262  17
263  23
264  13
265  21
266  31
267  18
268  18
269  20
270  15
271  12
272  20
273  15
274  13
275  15
276  14
277  13
278  13
279  10
280  14
281  13
282  14
283  11
284  15
285  15
286  14
287  10
288  15
289  9
290  11
291  19
292  11
293  11
294  17
295  15
296  6
297  15
298  5
299  8
300  12
301  10
302  11
303  6
304  9
305  11
306  18
307  11
308  11
309  19
310  13
311  13
312  14
313  10
314  10
315  16
316  19
317  13
318  20
319  16
320  18
321  21
322  20
323  17
324  17
325  13
326  20
327  20
328  22
329  18
330  25
331  15
332  30
333  23
334  20
335  23
336  20
337  18
338  11
339  14
340  8
341  12
342  12
343  10
344  7
345  7
346  13
347  11
348  8
349  13
350  7
351  1
352  0
353  5
354  3
355  2
356  5
357  5
358  8
359  6
360  5
361  10
362  4
363  4
364  4
365  3
366  4
367  5
368  3
369  5
370  4
371  5
372  7
373  5
374  4
375  4
376  4
377  5
378  3
379  3
380  4
381  3
382  8
383  7
384  5
385  5
386  3
387  4
388  8
389  3
390  5
391  2
392  2
393  5
394  5
395  1
396  1
397  2
398  1
399  3
400  4
401  3
402  5
403  3
404  0
405  0
406  1
407  1
408  4
409  0
410  1
411  0
412  2
413  4
414  0
415  0
416  0
417  2
418  1
419  1
420  1
421  1
422  0
423  0
424  3
425  3
426  0
427  2
428  2
429  2
430  4
431  1
432  0
433  0
434  0
435  1
436  0
437  1
438  1
439  1
440  0
441  0
442  2
443  0
444  1
445  0
446  0
447  0
448  2
449  3
450  0
451  0
452  0
453  1
454  1
455  1
456  1
457  0
458  1
459  0
460  1
461  0
462  1
463  2
464  1
465  2
466  2
467  3
468  0
469  1
470  0
471  0
472  3
473  1
474  0
475  1
476  1
477  0
478  1
479  1
480  1
481  1
482  0
483  0
484  0
485  0
486  1
487  1
488  0
489  0
490  2
491  2
492  0
493  0
494  1
495  0
496  0
497  2
498  1
499  0
500  1
501  3
502  1
503  0
504  0
505  0
506  1
507  0
508  1
509  0
510  0
511  0
512  2
513  1
514  1
515  0
516  2
517  1
518  3
519  0
520  0
521  0
522  0
523  0
524  2
525  0
526  0
527  0
528  2
529  0
530  2
531  2
532  1
533  2
534  1
535  0
536  0
537  0
538  2
539  0
540  0
541  1
542  1
543  0
544  1
545  2
546  0
547  2
548  1
549  1
550  0
551  0
552  0
553  0
554  0
555  2
556  0
557  0
558  0
559  0
560  0
561  0
562  0
563  0
564  0
565  0
566  0
567  0
568  0
569  0
570  0
571  0
572  0
573  0
574  0
575  0
576  0
577  0
578  0
579  0
580  0
581  0
582  0
583  0
584  0
585  0
586  0
587  0
588  0
589  0
590  0
591  0
592  0
593  0
594  0
595  0
596  0
597  0
598  0
599  0
600  0
601  0
602  0
603  1
604  0
605  0
606  0
607  0
608  0
609  0
610  0
611  0
612  0
613  0
614  0
615  0
616  0
617  0
618  0
619  0
620  0
621  0
622  0
623  0
624  0
625  0
626  0
627  0
628  0
629  0
630  0
631  0
632  0
633  0
634  0
635  0
636  0
637  0
638  0
639  0
640  0
641  0
642  0
643  0
644  0
645  0
646  0
647  0
648  0
649  0
650  0
651  0
652  0
653  0
654  0
655  0
656  0
657  0
658  0
659  0
660  0
661  0
662  0
663  0
664  0
665  0
666  0
667  0
668  0
669  0
670  0
671  0
672  0
673  0
674  0
675  0
676  0
677  0
678  0
679  0
680  0
681  0
682  0
683  0
684  0
685  0
686  0
687  0
688  0
689  0
690  0
691  0
692  0
693  0
694  0
695  0
696  0
697  0
698  0
699  0
700  0
701  0
702  0
703  0
704  0
705  0
706  0
707  0
708  0
709  0
710  0
711  0
712  0
713  0
714  0
715  0
716  0
717  0
718  0
719  0
720  0
721  0
722  0
723  0
724  0
725  0
726  0
727  0
728  0
729  0
730  0
731  0
732  0
733  0
734  0
735  0
736  0
737  0
738  0
739  0
740  0
741  0
742  0
743  0
744  0
745  0
746  0
747  0
748  0
749  0
750  0
751  0
752  0
753  0
754  0
755  0
756  0
757  0
758  0
759  0
760  0
761  0
762  0
763  0
764  0
765  0
766  0
767  0
768  0
769  0
770  0
771  0
772  0
773  0
774  0
775  0
776  0
777  0
778  0
779  0
780  0
781  0
782  0
783  0
784  0
785  0
786  0
787  0
788  0
789  0
790  0
791  0
792  0
793  0
794  0
795  0
796  0
797  0
798  0
799  0
800  0
801  0
802  0
803  0
804  0
805  0
806  0
807  0
808  0
809  0
810  0
811  0
812  0
813  0
814  0
815  0
816  0
817  0
818  0
819  0
820  0
821  0
822  0
823  0
824  0
825  0
826  0
827  0
828  0
829  0
830  0
831  0
832  0
833  0
834  0
835  0
836  0
837  0
838  0
839  0
840  0
841  0
842  0
843  0
844  0
845  0
846  0
847  0
848  0
849  0
850  0
851  0
852  0
853  0
854  0
855  0
856  0
857  0
858  0
859  0
860  0
861  0
862  0
863  0
864  0
865  0
866  0
867  0
868  0
869  0
870  0
871  0
872  0
873  0
874  0
875  0
876  0
877  0
878  0
879  0
880  0
881  0
882  0
883  0
884  0
885  0
886  0
887  0
888  0
889  0
890  0
891  0
892  0
893  0
894  0
895  0
896  0
897  0
898  0
899  0
900  0
901  0
902  0
903  0
904  0
905  0
906  0
907  0
908  0
909  0
910  0
911  0
912  0
913  0
914  0
915  0
916  0
917  0
918  0
919  0
920  0
921  0
922  0
923  0
924  0
925  0
926  0
927  0
928  0
929  0
930  0
931  0
932  0
933  0
934  0
935  0
936  0
937  0
938  0
939  0
940  0
941  0
942  0
943  0
944  0
945  0
946  0
947  0
948  0
949  0
950  0
951  0
952  0
953  0
954  0
955  0
956  0
957  0
958  0
959  0
960  0
961  0
962  0
963  0
964  0
965  0
966  0
967  0
968  0
969  0
970  0
971  1
972  0
973  0
974  0
975  0
976  0
977  0
978  0
979  0
980  0
981  0
982  0
983  0
984  0
985  0
986  0
987  0
988  0
989  0
990  0
991  0
992  0
993  0
994  0
995  0
996  0
997  1
998  0
999  1
1000  0
1001  0
1002  2
1003  0
1004  0
1005  0
1006  0
1007  0
1008  0
1009  0
1010  0
1011  0
1012  1
1013  0
1014  0
1015  0
1016  0
1017  0
1018  0
1019  0
1020  0
1021  0
1022  0
1023  0
