0  0
1  0
2  0
3  0
4  0
5  0
6  0
7  0
8  0
9  0
10  0
11  0
12  0
13  0
14  0
15  1
16  0
17  1
18  0
19  0
20  0
21  0
22  0
23  0
24  1
25  2
26  0
27  0
28  1
29  2
30  1
31  1
32  0
33  2
34  2
35  0
36  1
37  0
38  1
39  0
40  2
41  1
42  1
43  0
44  3
45  0
46  2
47  1
48  1
49  1
50  1
51  1
52  1
53  3
54  2
55  0
56  2
57  3
58  2
59  0
60  1
61  1
62  0
63  0
64  0
65  2
66  0
67  2
68  3
69  0
70  2
71  3
72  1
73  1
74  0
75  0
76  0
77  29
78  163
79  253
80  230
81  224
82  240
83  222
84  205
85  213
86  194
87  197
88  212
89  157
90  180
91  159
92  182
93  154
94  167
95  142
96  156
97  139
98  140
99  129
100  125
101  129
102  116
103  102
104  101
105  107
106  119
107  107
108  121
109  87
110  97
111  99
112  98
113  85
114  78
115  86
116  81
117  73
118  80
119  89
120  82
121  86
122  71
123  63
124  69
125  91
126  74
127  62
128  83
129  78
130  99
131  69
132  123
133  105
134  108
135  148
136  129
137  154
138  176
139  153
140  177
141  196
142  190
143  211
144  226
145  181
146  211
147  205
148  218
149  203
150  193
151  205
152  155
153  135
154  128
155  113
156  132
157  112
158  66
159  72
160  77
161  79
162  67
163  58
164  64
165  51
166  54
167  43
168  42
169  41
170  46
171  40
172  34
173  33
174  35
175  32
176  37
177  40
178  37
179  27
180  24
181  21
182  36
183  26
184  30
185  32
186  28
187  28
188  26
189  21
190  21
191  36
192  28
193  32
194  35
195  25
196  30
197  21
198  21
199  25
200  27
201  17
202  22
203  17
204  20
205  21
206  19
207  23
208  19
209  16
210  28
211  35
212  21
213  28
214  23
215  22
216  31
217  29
218  15
219  26
220  23
221  29
222  16
223  28
224  14
225  22
226  23
227  21
228  25
229  16
230  16
231  29
232  20
233  20
234  27
235  18
236  12
237  22
238  27
239  12
240  18
241  13
242  21
243  28
244  20
245  20
246  21
247  15
248  11
249  16
250  30
251  32
252  15
253  16
254  17
255  21
256  21
257  25
258  11
259  26
260  26
261  14
262  25
263  21
264  28
265  23
266  28
267  21
268  12
269  22
270  24
271  23
272  10
273  20
274  20
275  20
276  16
277  17
278  15
279  16
280  14
281  15
282  11
283  19
284  12
285  8
286  18
287  16
288  18
289  17
290  12
291  14
292  10
293  13
294  8
295  14
296  15
297  21
298  17
299  10
300  8
301  19
302  8
303  13
304  9
305  17
306  12
307  9
308  11
309  10
310  9
311  10
312  12
313  11
314  21
315  15
316  14
317  13
318  9
319  14
320  18
321  15
322  23
323  15
324  28
325  15
326  25
327  25
328  20
329  20
330  20
331  21
332  17
333  23
334  31
335  17
336  36
337  27
338  32
339  17
340  28
341  24
342  19
343  18
344  21
345  22
346  26
347  22
348  17
349  20
350  20
351  18
352  20
353  20
354  18
355  16
356  13
357  19
358  16
359  17
360  18
361  12
362  18
363  9
364  12
365  6
366  10
367  15
368  8
369  9
370  8
371  8
372  9
373  9
374  9
375  11
376  2
377  4
378  6
379  12
380  7
381  8
382  5
383  15
384  7
385  7
386  7
387  6
388  4
389  2
390  6
391  1
392  3
393  11
394  7
395  5
396  5
397  13
398  4
399  9
400  4
401  6
402  3
403  7
404  4
405  3
406  10
407  5
408  2
409  4
410  3
411  2
412  1
413  1
414  3
415  7
416  2
417  2
418  1
419  4
420  2
421  1
422  3
423  4
424  5
425  0
426  3
427  2
428  2
429  4
430  2
431  1
432  3
433  1
434  1
435  1
436  2
437  0
438  1
439  4
440  1
441  0
442  1
443  4
444  2
445  1
446  4
447  2
448  4
449  0
450  1
451  2
452  1
453  1
454  2
455  1
456  2
457  2
458  1
459  0
460  2
461  3
462  1
463  4
464  3
465  2
466  2
467  2
468  1
469  3
470  4
471  2
472  3
473  2
474  1
475  1
476  1
477  0
478  1
479  4
480  0
481  3
482  1
483  0
484  0
485  0
486  2
487  4
488  0
489  1
490  0
491  1
492  2
493  0
494  0
495  0
496  0
497  3
498  2
499  1
500  1
501  1
502  0
503  1
504  2
505  2
506  0
507  1
508  1
509  2
510  2
511  1
512  0
513  0
514  1
515  1
516  0
517  0
518  0
519  0
520  1
521  1
522  1
523  0
524  1
525  0
526  1
527  0
528  0
529  1
530  0
531  1
532  1
533  0
534  0
535  0
536  3
537  3
538  0
539  1
540  2
541  2
542  1
543  1
544  2
545  1
546  2
547  0
548  1
549  1
550  0
551  0
552  0
553  2
554  0
555  0
556  0
557  0
558  3
559  1
560  0
561  0
562  1
563  3
564  2
565  1
566  0
567  0
568  1
569  0
570  1
571  0
572  4
573  3
574  3
575  0
576  1
577  0
578  1
579  3
580  0
581  0
582  1
583  0
584  1
585  0
586  0
587  1
588  0
589  1
590  0
591  0
592  1
593  0
594  0
595  0
596  1
597  3
598  1
599  1
600  1
601  0
602  0
603  1
604  1
605  0
606  0
607  0
608  1
609  0
610  0
611  0
612  0
613  0
614  0
615  1
616  1
617  1
618  2
619  0
620  0
621  0
622  0
623  0
624  1
625  0
626  0
627  0
628  1
629  0
630  0
631  0
632  0
633  1
634  0
635  0
636  0
637  0
638  0
639  1
640  1
641  1
642  3
643  0
644  0
645  0
646  0
647  0
648  1
649  0
650  0
651  0
652  1
653  0
654  0
655  0
656  1
657  0
658  0
659  1
660  1
661  0
662  1
663  0
664  3
665  0
666  2
667  0
668  0
669  1
670  0
671  2
672  1
673  0
674  0
675  0
676  0
677  1
678  0
679  2
680  1
681  1
682  0
683  0
684  1
685  0
686  0
687  1
688  0
689  1
690  0
691  1
692  0
693  0
694  0
695  2
696  0
697  0
698  1
699  0
700  0
701  0
702  1
703  0
704  0
705  0
706  0
707  1
708  0
709  0
710  0
711  0
712  0
713  0
714  0
715  0
716  0
717  0
718  0
719  0
720  0
721  0
722  1
723  0
724  1
725  0
726  0
727  0
728  0
729  0
730  0
731  0
732  0
733  0
734  0
735  0
736  0
737  0
738  0
739  0
740  0
741  0
742  0
743  0
744  0
745  0
746  0
747  0
748  0
749  0
750  0
751  0
752  0
753  0
754  0
755  0
756  0
757  0
758  0
759  0
760  0
761  0
762  0
763  0
764  0
765  0
766  0
767  0
768  0
769  0
770  0
771  0
772  1
773  0
774  1
775  0
776  0
777  0
778  0
779  0
780  0
781  0
782  0
783  0
784  0
785  0
786  0
787  0
788  0
789  0
790  0
791  0
792  0
793  0
794  0
795  0
796  0
797  0
798  0
799  0
800  0
801  0
802  0
803  1
804  0
805  0
806  0
807  0
808  0
809  0
810  0
811  0
812  0
813  0
814  0
815  0
816  0
817  0
818  0
819  0
820  0
821  1
822  0
823  0
824  0
825  0
826  0
827  0
828  0
829  0
830  0
831  1
832  0
833  0
834  1
835  0
836  0
837  0
838  0
839  0
840  0
841  0
842  0
843  0
844  0
845  0
846  0
847  0
848  1
849  0
850  0
851  0
852  1
853  0
854  0
855  0
856  0
857  0
858  0
859  0
860  0
861  0
862  0
863  0
864  0
865  0
866  0
867  0
868  0
869  0
870  0
871  0
872  1
873  0
874  0
875  0
876  0
877  0
878  0
879  0
880  0
881  0
882  0
883  1
884  0
885  0
886  0
887  0
888  0
889  0
890  0
891  0
892  0
893  0
894  0
895  0
896  1
897  0
898  0
899  0
900  0
901  0
902  0
903  0
904  0
905  0
906  0
907  0
908  0
909  0
910  0
911  0
912  0
913  0
914  0
915  0
916  0
917  0
918  0
919  0
920  0
921  0
922  0
923  0
924  0
925  0
926  0
927  0
928  0
929  0
930  0
931  0
932  0
933  0
934  0
935  0
936  0
937  0
938  0
939  0
940  0
941  0
942  0
943  0
944  0
945  0
946  0
947  0
948  0
949  0
950  0
951  0
952  0
953  0
954  0
955  0
956  0
957  0
958  0
959  0
960  0
961  0
962  0
963  0
964  0
965  0
966  0
967  0
968  0
969  0
970  0
971  0
972  0
973  0
974  0
975  0
976  0
977  0
978  0
979  0
980  0
981  0
982  0
983  0
984  0
985  0
986  0
987  0
988  0
989  0
990  0
991  0
992  0
993  0
994  0
995  0
996  0
997  0
998  0
999  0
1000  0
1001  0
1002  0
1003  0
1004  0
1005  0
1006  0
1007  0
1008  0
1009  0
1010  0
1011  0
1012  0
1013  0
1014  0
1015  0
1016  0
1017  0
1018  0
1019  0
1020  0
1021  0
1022  0
1023  0
