0  0
1  0
2  0
3  0
4  0
5  0
6  0
7  0
8  0
9  0
10  0
11  0
12  0
13  0
14  0
15  3
16  2
17  2
18  3
19  5
20  2
21  5
22  4
23  1
24  3
25  3
26  5
27  4
28  5
29  8
30  4
31  4
32  9
33  6
34  10
35  5
36  4
37  5
38  9
39  6
40  4
41  4
42  5
43  10
44  4
45  2
46  6
47  9
48  9
49  8
50  7
51  9
52  6
53  9
54  10
55  7
56  4
57  7
58  6
59  31
60  213
61  343
62  389
63  364
64  370
65  332
66  320
67  314
68  291
69  299
70  278
71  256
72  239
73  248
74  263
75  223
76  225
77  200
78  197
79  202
80  222
81  191
82  195
83  171
84  196
85  176
86  156
87  161
88  149
89  147
90  166
91  119
92  131
93  156
94  141
95  109
96  138
97  108
98  121
99  116
100  92
101  86
102  90
103  87
104  95
105  80
106  69
107  81
108  69
109  84
110  71
111  54
112  63
113  71
114  65
115  89
116  61
117  61
118  57
119  60
120  72
121  84
122  83
123  60
124  75
125  93
126  84
127  88
128  92
129  110
130  95
131  136
132  127
133  166
134  189
135  210
136  242
137  204
138  230
139  204
140  233
141  224
142  246
143  212
144  176
145  190
146  151
147  159
148  132
149  104
150  82
151  54
152  60
153  56
154  44
155  42
156  43
157  39
158  36
159  28
160  19
161  26
162  26
163  31
164  38
165  22
166  18
167  29
168  33
169  25
170  14
171  26
172  25
173  25
174  20
175  20
176  23
177  21
178  26
179  24
180  23
181  22
182  28
183  18
184  20
185  17
186  13
187  17
188  21
189  26
190  17
191  17
192  26
193  18
194  20
195  15
196  21
197  24
198  15
199  15
200  16
201  26
202  11
203  21
204  25
205  17
206  15
207  16
208  27
209  21
210  19
211  20
212  21
213  19
214  22
215  24
216  14
217  22
218  15
219  15
220  19
221  17
222  16
223  21
224  19
225  20
226  28
227  19
228  19
229  17
230  29
231  15
232  23
233  16
234  16
235  23
236  10
237  24
238  18
239  27
240  15
241  21
242  26
243  15
244  14
245  24
246  25
247  16
248  15
249  16
250  15
251  25
252  16
253  16
254  19
255  20
256  25
257  18
258  13
259  19
260  22
261  22
262  19
263  16
264  19
265  18
266  15
267  16
268  13
269  25
270  12
271  10
272  10
273  14
274  17
275  13
276  22
277  12
278  13
279  12
280  14
281  11
282  14
283  9
284  8
285  11
286  14
287  17
288  17
289  14
290  15
291  4
292  9
293  14
294  8
295  13
296  13
297  15
298  10
299  8
300  12
301  10
302  9
303  17
304  9
305  12
306  12
307  12
308  12
309  11
310  7
311  10
312  11
313  14
314  9
315  14
316  19
317  11
318  12
319  14
320  14
321  17
322  20
323  22
324  21
325  22
326  18
327  35
328  19
329  17
330  20
331  23
332  22
333  18
334  11
335  20
336  25
337  14
338  16
339  20
340  14
341  14
342  20
343  11
344  13
345  9
346  10
347  8
348  14
349  8
350  3
351  9
352  9
353  7
354  5
355  4
356  1
357  5
358  4
359  6
360  1
361  4
362  7
363  4
364  1
365  2
366  5
367  7
368  8
369  3
370  8
371  7
372  3
373  5
374  2
375  3
376  3
377  7
378  7
379  3
380  3
381  3
382  6
383  5
384  5
385  3
386  4
387  2
388  2
389  3
390  0
391  3
392  4
393  4
394  2
395  0
396  0
397  1
398  0
399  2
400  4
401  1
402  0
403  3
404  5
405  3
406  3
407  0
408  2
409  4
410  0
411  1
412  2
413  2
414  3
415  1
416  3
417  0
418  1
419  0
420  2
421  2
422  3
423  1
424  0
425  0
426  0
427  1
428  2
429  1
430  1
431  1
432  2
433  0
434  2
435  1
436  0
437  3
438  4
439  1
440  0
441  1
442  2
443  3
444  0
445  1
446  2
447  1
448  1
449  0
450  0
451  0
452  1
453  1
454  0
455  2
456  1
457  0
458  1
459  4
460  0
461  0
462  1
463  0
464  1
465  1
466  0
467  1
468  2
469  0
470  0
471  1
472  1
473  2
474  1
475  0
476  0
477  1
478  1
479  0
480  2
481  1
482  1
483  2
484  2
485  0
486  1
487  1
488  2
489  1
490  0
491  0
492  3
493  2
494  1
495  0
496  1
497  0
498  0
499  1
500  1
501  1
502  0
503  2
504  0
505  1
506  1
507  1
508  0
509  1
510  1
511  0
512  0
513  0
514  1
515  0
516  1
517  1
518  0
519  0
520  0
521  1
522  0
523  0
524  1
525  0
526  1
527  0
528  1
529  0
530  1
531  1
532  1
533  1
534  2
535  3
536  0
537  0
538  0
539  0
540  0
541  1
542  0
543  0
544  0
545  1
546  1
547  0
548  0
549  0
550  0
551  1
552  0
553  0
554  0
555  0
556  1
557  0
558  0
559  0
560  0
561  0
562  0
563  0
564  0
565  0
566  0
567  0
568  0
569  0
570  0
571  0
572  0
573  0
574  0
575  0
576  0
577  0
578  0
579  0
580  0
581  0
582  0
583  0
584  0
585  0
586  0
587  0
588  0
589  0
590  0
591  0
592  0
593  0
594  0
595  0
596  0
597  0
598  0
599  0
600  0
601  0
602  0
603  0
604  0
605  0
606  0
607  0
608  0
609  0
610  0
611  0
612  0
613  0
614  0
615  0
616  0
617  0
618  0
619  0
620  0
621  0
622  0
623  0
624  0
625  0
626  0
627  0
628  0
629  0
630  0
631  0
632  0
633  0
634  0
635  0
636  0
637  0
638  0
639  0
640  0
641  0
642  0
643  0
644  0
645  0
646  0
647  0
648  0
649  0
650  0
651  0
652  0
653  0
654  0
655  0
656  0
657  0
658  0
659  0
660  0
661  0
662  0
663  0
664  0
665  0
666  0
667  0
668  0
669  0
670  0
671  0
672  0
673  0
674  0
675  0
676  0
677  0
678  0
679  0
680  0
681  0
682  0
683  0
684  0
685  0
686  0
687  0
688  0
689  0
690  0
691  0
692  0
693  0
694  0
695  0
696  0
697  0
698  0
699  0
700  0
701  0
702  0
703  0
704  0
705  0
706  0
707  0
708  0
709  0
710  0
711  0
712  0
713  0
714  0
715  0
716  0
717  0
718  0
719  0
720  0
721  0
722  0
723  0
724  0
725  0
726  0
727  0
728  0
729  0
730  0
731  0
732  0
733  0
734  0
735  0
736  0
737  0
738  0
739  0
740  0
741  0
742  0
743  0
744  0
745  0
746  0
747  0
748  0
749  0
750  0
751  0
752  0
753  0
754  0
755  0
756  0
757  0
758  0
759  0
760  0
761  0
762  0
763  0
764  0
765  0
766  0
767  0
768  0
769  0
770  0
771  0
772  0
773  0
774  0
775  0
776  0
777  0
778  0
779  0
780  0
781  0
782  0
783  0
784  0
785  0
786  0
787  0
788  0
789  0
790  0
791  0
792  0
793  0
794  0
795  0
796  0
797  0
798  0
799  0
800  0
801  0
802  0
803  0
804  0
805  0
806  0
807  0
808  0
809  0
810  0
811  0
812  0
813  0
814  0
815  0
816  0
817  0
818  0
819  0
820  0
821  0
822  0
823  0
824  0
825  0
826  0
827  0
828  0
829  0
830  0
831  0
832  0
833  0
834  0
835  0
836  0
837  0
838  0
839  0
840  0
841  0
842  0
843  0
844  0
845  0
846  0
847  0
848  0
849  0
850  0
851  0
852  0
853  0
854  0
855  0
856  0
857  0
858  0
859  0
860  0
861  0
862  0
863  0
864  0
865  0
866  0
867  0
868  0
869  0
870  0
871  0
872  0
873  0
874  0
875  0
876  0
877  0
878  0
879  0
880  0
881  0
882  0
883  0
884  0
885  0
886  0
887  0
888  0
889  0
890  0
891  0
892  0
893  0
894  0
895  0
896  0
897  0
898  0
899  0
900  0
901  0
902  0
903  0
904  0
905  0
906  0
907  0
908  0
909  0
910  0
911  0
912  0
913  0
914  0
915  0
916  0
917  0
918  0
919  0
920  0
921  0
922  0
923  0
924  0
925  0
926  0
927  0
928  0
929  0
930  0
931  0
932  0
933  0
934  0
935  0
936  0
937  0
938  0
939  0
940  0
941  0
942  0
943  0
944  0
945  0
946  0
947  0
948  0
949  0
950  0
951  0
952  0
953  0
954  0
955  0
956  0
957  0
958  0
959  0
960  0
961  0
962  0
963  0
964  0
965  0
966  0
967  0
968  0
969  0
970  0
971  0
972  0
973  0
974  0
975  0
976  0
977  0
978  0
979  0
980  0
981  0
982  0
983  0
984  0
985  0
986  0
987  0
988  0
989  0
990  0
991  0
992  0
993  0
994  0
995  0
996  0
997  0
998  0
999  0
1000  0
1001  0
1002  0
1003  0
1004  0
1005  0
1006  0
1007  1
1008  0
1009  1
1010  0
1011  0
1012  2
1013  0
1014  0
1015  0
1016  0
1017  0
1018  0
1019  0
1020  1
1021  1
1022  0
1023  1
