0  0
1  0
2  0
3  0
4  0
5  0
6  0
7  0
8  0
9  0
10  0
11  0
12  0
13  0
14  0
15  6
16  5
17  6
18  8
19  13
20  11
21  6
22  8
23  17
24  10
25  11
26  9
27  4
28  12
29  6
30  7
31  7
32  11
33  6
34  4
35  13
36  7
37  17
38  8
39  10
40  15
41  15
42  9
43  8
44  9
45  21
46  18
47  11
48  13
49  14
50  11
51  12
52  12
53  8
54  6
55  5
56  9
57  12
58  19
59  52
60  177
61  297
62  361
63  346
64  357
65  345
66  332
67  304
68  305
69  316
70  281
71  269
72  271
73  248
74  237
75  236
76  240
77  227
78  199
79  196
80  226
81  185
82  170
83  174
84  223
85  180
86  180
87  148
88  142
89  159
90  144
91  152
92  130
93  153
94  143
95  101
96  114
97  89
98  110
99  98
100  100
101  111
102  102
103  95
104  76
105  91
106  75
107  71
108  71
109  79
110  71
111  64
112  79
113  82
114  66
115  79
116  72
117  90
118  74
119  75
120  86
121  80
122  92
123  89
124  83
125  81
126  85
127  105
128  123
129  130
130  137
131  152
132  129
133  172
134  163
135  174
136  155
137  205
138  215
139  218
140  201
141  198
142  202
143  190
144  181
145  172
146  146
147  111
148  114
149  104
150  84
151  84
152  57
153  54
154  68
155  47
156  33
157  31
158  19
159  46
160  24
161  38
162  33
163  30
164  20
165  29
166  31
167  24
168  25
169  24
170  29
171  28
172  17
173  29
174  24
175  14
176  24
177  26
178  40
179  17
180  18
181  21
182  21
183  16
184  21
185  17
186  26
187  27
188  17
189  15
190  27
191  28
192  21
193  23
194  19
195  24
196  26
197  17
198  14
199  31
200  23
201  13
202  22
203  10
204  21
205  25
206  19
207  23
208  12
209  25
210  30
211  17
212  16
213  19
214  12
215  13
216  29
217  24
218  17
219  15
220  14
221  19
222  15
223  22
224  18
225  31
226  30
227  29
228  16
229  15
230  19
231  10
232  15
233  17
234  21
235  21
236  22
237  30
238  12
239  19
240  19
241  20
242  23
243  23
244  17
245  23
246  29
247  22
248  14
249  14
250  19
251  16
252  23
253  16
254  20
255  23
256  15
257  12
258  18
259  26
260  16
261  22
262  15
263  21
264  20
265  20
266  12
267  23
268  28
269  13
270  18
271  10
272  22
273  16
274  13
275  16
276  12
277  11
278  14
279  14
280  12
281  12
282  20
283  9
284  13
285  14
286  12
287  11
288  10
289  6
290  10
291  12
292  9
293  14
294  10
295  13
296  9
297  7
298  11
299  7
300  10
301  8
302  11
303  12
304  6
305  9
306  12
307  9
308  9
309  10
310  10
311  10
312  10
313  10
314  22
315  15
316  21
317  21
318  17
319  19
320  22
321  19
322  18
323  19
324  13
325  14
326  21
327  25
328  16
329  21
330  16
331  22
332  17
333  18
334  22
335  17
336  19
337  18
338  15
339  13
340  19
341  12
342  12
343  9
344  14
345  11
346  8
347  8
348  14
349  7
350  7
351  7
352  7
353  3
354  10
355  3
356  6
357  4
358  6
359  6
360  8
361  5
362  3
363  7
364  4
365  3
366  10
367  5
368  4
369  4
370  5
371  5
372  1
373  5
374  6
375  5
376  3
377  5
378  5
379  5
380  4
381  6
382  8
383  5
384  3
385  3
386  0
387  4
388  0
389  2
390  1
391  2
392  3
393  5
394  2
395  1
396  5
397  2
398  4
399  1
400  3
401  1
402  2
403  4
404  0
405  2
406  0
407  1
408  1
409  0
410  3
411  2
412  2
413  2
414  4
415  0
416  3
417  1
418  2
419  0
420  1
421  0
422  2
423  5
424  0
425  2
426  1
427  1
428  2
429  1
430  0
431  0
432  0
433  1
434  0
435  4
436  2
437  1
438  1
439  0
440  2
441  2
442  0
443  0
444  0
445  0
446  3
447  0
448  0
449  0
450  1
451  4
452  1
453  1
454  0
455  0
456  0
457  0
458  0
459  1
460  1
461  0
462  1
463  0
464  0
465  0
466  2
467  2
468  0
469  0
470  1
471  1
472  0
473  4
474  0
475  0
476  0
477  1
478  2
479  1
480  0
481  1
482  0
483  0
484  0
485  1
486  0
487  0
488  1
489  0
490  0
491  1
492  0
493  0
494  0
495  0
496  0
497  0
498  0
499  0
500  1
501  1
502  0
503  0
504  0
505  1
506  0
507  1
508  1
509  0
510  1
511  3
512  1
513  0
514  1
515  0
516  0
517  0
518  1
519  0
520  2
521  0
522  0
523  0
524  1
525  1
526  0
527  0
528  1
529  0
530  1
531  2
532  0
533  0
534  2
535  0
536  0
537  3
538  0
539  0
540  1
541  0
542  1
543  1
544  1
545  0
546  1
547  0
548  1
549  1
550  0
551  1
552  1
553  0
554  2
555  0
556  2
557  0
558  0
559  0
560  0
561  0
562  0
563  0
564  0
565  0
566  0
567  0
568  0
569  0
570  0
571  0
572  0
573  0
574  0
575  0
576  0
577  0
578  0
579  0
580  0
581  0
582  0
583  0
584  0
585  0
586  0
587  0
588  0
589  0
590  0
591  0
592  0
593  0
594  0
595  0
596  0
597  0
598  0
599  0
600  0
601  0
602  0
603  0
604  0
605  1
606  0
607  0
608  0
609  0
610  0
611  0
612  0
613  0
614  0
615  0
616  0
617  0
618  0
619  0
620  0
621  0
622  0
623  0
624  0
625  0
626  0
627  0
628  0
629  0
630  0
631  0
632  0
633  0
634  0
635  0
636  0
637  0
638  0
639  0
640  0
641  0
642  0
643  0
644  0
645  0
646  0
647  0
648  0
649  0
650  0
651  0
652  0
653  0
654  0
655  0
656  0
657  0
658  0
659  0
660  0
661  0
662  0
663  0
664  0
665  0
666  0
667  0
668  0
669  0
670  0
671  0
672  0
673  0
674  0
675  0
676  0
677  0
678  0
679  0
680  0
681  0
682  0
683  0
684  0
685  0
686  0
687  0
688  0
689  0
690  0
691  0
692  0
693  0
694  0
695  0
696  0
697  0
698  0
699  0
700  0
701  0
702  0
703  0
704  0
705  0
706  0
707  0
708  0
709  0
710  0
711  0
712  0
713  0
714  0
715  0
716  0
717  0
718  0
719  0
720  0
721  0
722  0
723  0
724  0
725  0
726  0
727  0
728  0
729  0
730  0
731  0
732  0
733  0
734  0
735  0
736  0
737  0
738  0
739  0
740  0
741  0
742  0
743  0
744  0
745  0
746  0
747  0
748  0
749  0
750  0
751  0
752  0
753  0
754  0
755  0
756  0
757  0
758  0
759  0
760  0
761  0
762  0
763  0
764  0
765  0
766  0
767  0
768  0
769  0
770  0
771  0
772  0
773  0
774  0
775  0
776  0
777  0
778  0
779  0
780  0
781  0
782  0
783  0
784  0
785  0
786  0
787  0
788  0
789  0
790  0
791  0
792  0
793  0
794  0
795  0
796  0
797  0
798  0
799  0
800  0
801  0
802  0
803  0
804  0
805  0
806  0
807  0
808  0
809  0
810  0
811  0
812  0
813  0
814  0
815  0
816  0
817  0
818  0
819  0
820  0
821  0
822  0
823  0
824  0
825  0
826  0
827  0
828  0
829  0
830  0
831  0
832  0
833  0
834  0
835  0
836  0
837  0
838  0
839  0
840  0
841  0
842  0
843  0
844  0
845  0
846  0
847  0
848  0
849  0
850  0
851  0
852  0
853  0
854  0
855  0
856  0
857  0
858  0
859  0
860  0
861  0
862  0
863  0
864  0
865  0
866  0
867  0
868  0
869  0
870  0
871  0
872  0
873  0
874  0
875  0
876  0
877  0
878  0
879  0
880  0
881  0
882  0
883  0
884  0
885  0
886  0
887  0
888  0
889  0
890  0
891  0
892  0
893  0
894  0
895  0
896  0
897  0
898  0
899  0
900  0
901  0
902  0
903  0
904  0
905  0
906  0
907  0
908  0
909  0
910  0
911  0
912  0
913  0
914  0
915  0
916  0
917  0
918  0
919  0
920  0
921  0
922  0
923  0
924  0
925  0
926  0
927  0
928  0
929  0
930  0
931  0
932  0
933  0
934  0
935  0
936  0
937  0
938  0
939  0
940  0
941  0
942  0
943  0
944  0
945  0
946  0
947  0
948  0
949  0
950  0
951  0
952  0
953  0
954  0
955  0
956  0
957  0
958  0
959  0
960  0
961  0
962  0
963  0
964  0
965  0
966  0
967  0
968  0
969  0
970  0
971  0
972  0
973  0
974  0
975  0
976  0
977  0
978  0
979  0
980  0
981  0
982  0
983  0
984  0
985  0
986  0
987  0
988  0
989  0
990  0
991  0
992  0
993  0
994  0
995  0
996  0
997  0
998  1
999  0
1000  0
1001  0
1002  0
1003  1
1004  0
1005  0
1006  0
1007  0
1008  1
1009  0
1010  0
1011  1
1012  0
1013  1
1014  1
1015  0
1016  1
1017  1
1018  2
1019  0
1020  0
1021  0
1022  1
1023  1
