0  0
1  0
2  0
3  0
4  0
5  0
6  0
7  0
8  0
9  0
10  0
11  0
12  0
13  0
14  0
15  1
16  7
17  8
18  7
19  10
20  6
21  3
22  7
23  9
24  6
25  5
26  10
27  8
28  10
29  5
30  9
31  3
32  6
33  6
34  5
35  8
36  6
37  8
38  6
39  7
40  6
41  6
42  7
43  4
44  3
45  7
46  4
47  9
48  3
49  9
50  12
51  5
52  7
53  8
54  9
55  8
56  6
57  4
58  8
59  14
60  17
61  5
62  11
63  7
64  8
65  8
66  5
67  8
68  7
69  11
70  11
71  6
72  6
73  4
74  5
75  11
76  3
77  34
78  332
79  503
80  476
81  467
82  443
83  461
84  400
85  446
86  418
87  399
88  376
89  379
90  349
91  358
92  315
93  313
94  324
95  303
96  328
97  270
98  286
99  305
100  266
101  268
102  273
103  231
104  208
105  221
106  218
107  230
108  211
109  205
110  177
111  158
112  164
113  173
114  156
115  163
116  189
117  135
118  142
119  150
120  134
121  151
122  147
123  145
124  133
125  148
126  148
127  142
128  159
129  138
130  190
131  166
132  190
133  237
134  221
135  278
136  257
137  296
138  333
139  324
140  326
141  383
142  364
143  388
144  375
145  424
146  388
147  399
148  388
149  379
150  357
151  351
152  305
153  307
154  238
155  259
156  233
157  210
158  197
159  200
160  160
161  140
162  131
163  131
164  116
165  102
166  95
167  77
168  91
169  88
170  89
171  85
172  86
173  60
174  69
175  63
176  60
177  64
178  50
179  62
180  63
181  59
182  63
183  57
184  42
185  58
186  57
187  53
188  57
189  55
190  55
191  54
192  52
193  44
194  41
195  44
196  61
197  47
198  40
199  42
200  58
201  50
202  51
203  53
204  40
205  48
206  56
207  42
208  49
209  41
210  44
211  51
212  53
213  45
214  43
215  31
216  44
217  49
218  47
219  43
220  60
221  41
222  48
223  45
224  44
225  34
226  41
227  52
228  39
229  45
230  52
231  46
232  39
233  49
234  40
235  47
236  41
237  45
238  51
239  53
240  34
241  41
242  42
243  42
244  32
245  47
246  48
247  45
248  41
249  41
250  39
251  42
252  46
253  35
254  29
255  28
256  37
257  33
258  51
259  42
260  43
261  39
262  49
263  34
264  35
265  33
266  48
267  48
268  27
269  23
270  29
271  43
272  27
273  44
274  31
275  36
276  45
277  30
278  27
279  40
280  19
281  21
282  29
283  34
284  25
285  20
286  40
287  35
288  33
289  31
290  38
291  24
292  24
293  19
294  30
295  25
296  19
297  19
298  22
299  21
300  30
301  22
302  26
303  26
304  19
305  16
306  19
307  33
308  26
309  24
310  25
311  21
312  25
313  26
314  21
315  27
316  27
317  36
318  33
319  28
320  21
321  26
322  38
323  34
324  32
325  43
326  57
327  52
328  34
329  34
330  36
331  47
332  50
333  52
334  40
335  46
336  56
337  54
338  39
339  57
340  54
341  42
342  38
343  52
344  45
345  42
346  34
347  41
348  40
349  32
350  41
351  34
352  30
353  29
354  26
355  38
356  27
357  22
358  25
359  28
360  26
361  26
362  15
363  24
364  16
365  14
366  16
367  16
368  13
369  14
370  14
371  21
372  23
373  14
374  19
375  16
376  13
377  13
378  18
379  19
380  21
381  15
382  12
383  12
384  18
385  13
386  12
387  15
388  12
389  15
390  19
391  12
392  11
393  4
394  15
395  5
396  15
397  9
398  10
399  10
400  10
401  11
402  6
403  8
404  10
405  3
406  11
407  11
408  3
409  3
410  6
411  6
412  9
413  4
414  2
415  5
416  4
417  3
418  4
419  5
420  3
421  2
422  4
423  6
424  8
425  6
426  2
427  3
428  3
429  4
430  3
431  1
432  6
433  3
434  3
435  3
436  9
437  6
438  6
439  6
440  2
441  3
442  1
443  8
444  1
445  2
446  4
447  8
448  6
449  3
450  3
451  4
452  2
453  4
454  3
455  0
456  5
457  4
458  1
459  3
460  0
461  3
462  6
463  2
464  5
465  4
466  2
467  2
468  2
469  3
470  1
471  0
472  4
473  8
474  7
475  3
476  4
477  5
478  3
479  1
480  6
481  4
482  1
483  4
484  1
485  1
486  1
487  2
488  1
489  3
490  4
491  1
492  4
493  3
494  1
495  4
496  1
497  0
498  3
499  2
500  1
501  2
502  3
503  1
504  0
505  1
506  2
507  2
508  3
509  3
510  1
511  3
512  2
513  1
514  3
515  3
516  2
517  1
518  2
519  1
520  1
521  0
522  4
523  2
524  2
525  2
526  1
527  0
528  1
529  1
530  2
531  0
532  0
533  0
534  2
535  1
536  1
537  1
538  3
539  1
540  4
541  1
542  1
543  3
544  1
545  3
546  1
547  2
548  0
549  1
550  3
551  2
552  2
553  0
554  2
555  2
556  1
557  4
558  2
559  1
560  1
561  3
562  1
563  1
564  2
565  1
566  1
567  1
568  2
569  1
570  3
571  2
572  2
573  1
574  2
575  1
576  3
577  1
578  2
579  2
580  1
581  1
582  2
583  3
584  3
585  2
586  3
587  1
588  1
589  0
590  2
591  2
592  1
593  2
594  2
595  1
596  0
597  1
598  2
599  1
600  1
601  1
602  1
603  1
604  1
605  0
606  3
607  0
608  0
609  1
610  2
611  1
612  1
613  2
614  0
615  0
616  0
617  1
618  0
619  2
620  0
621  1
622  0
623  1
624  1
625  2
626  2
627  0
628  1
629  1
630  1
631  1
632  2
633  1
634  1
635  1
636  2
637  2
638  2
639  0
640  0
641  0
642  0
643  2
644  0
645  0
646  0
647  1
648  1
649  2
650  2
651  2
652  4
653  1
654  2
655  0
656  0
657  0
658  2
659  1
660  2
661  1
662  3
663  1
664  1
665  0
666  1
667  2
668  0
669  1
670  2
671  1
672  0
673  0
674  1
675  0
676  3
677  1
678  0
679  1
680  1
681  0
682  2
683  1
684  0
685  1
686  2
687  0
688  0
689  1
690  1
691  2
692  1
693  1
694  1
695  1
696  0
697  0
698  1
699  0
700  0
701  0
702  0
703  0
704  0
705  0
706  0
707  0
708  0
709  0
710  1
711  0
712  1
713  1
714  0
715  0
716  0
717  0
718  0
719  0
720  0
721  0
722  2
723  1
724  0
725  0
726  0
727  0
728  0
729  1
730  1
731  0
732  1
733  1
734  1
735  1
736  1
737  0
738  0
739  0
740  0
741  1
742  1
743  0
744  0
745  1
746  0
747  0
748  0
749  0
750  0
751  0
752  0
753  1
754  0
755  0
756  0
757  0
758  1
759  0
760  0
761  0
762  0
763  0
764  0
765  0
766  0
767  1
768  0
769  0
770  0
771  1
772  0
773  0
774  0
775  0
776  0
777  0
778  0
779  0
780  0
781  0
782  0
783  1
784  0
785  0
786  0
787  0
788  0
789  1
790  0
791  0
792  0
793  1
794  0
795  0
796  0
797  0
798  0
799  0
800  0
801  0
802  0
803  0
804  0
805  0
806  0
807  0
808  0
809  0
810  0
811  0
812  0
813  0
814  1
815  1
816  0
817  0
818  1
819  0
820  0
821  0
822  0
823  0
824  0
825  0
826  0
827  0
828  0
829  0
830  0
831  0
832  0
833  0
834  0
835  0
836  0
837  0
838  0
839  0
840  0
841  0
842  0
843  0
844  0
845  0
846  0
847  0
848  0
849  0
850  0
851  0
852  0
853  0
854  0
855  0
856  0
857  0
858  0
859  0
860  0
861  0
862  0
863  0
864  0
865  1
866  0
867  0
868  0
869  0
870  0
871  0
872  1
873  0
874  0
875  0
876  0
877  0
878  0
879  0
880  0
881  0
882  0
883  0
884  1
885  0
886  0
887  0
888  1
889  0
890  1
891  1
892  0
893  0
894  0
895  0
896  0
897  0
898  1
899  0
900  0
901  0
902  0
903  0
904  0
905  0
906  0
907  0
908  0
909  0
910  0
911  0
912  0
913  0
914  0
915  0
916  0
917  0
918  0
919  0
920  0
921  0
922  0
923  0
924  0
925  0
926  0
927  0
928  0
929  0
930  0
931  0
932  0
933  0
934  0
935  0
936  0
937  0
938  0
939  0
940  0
941  0
942  0
943  0
944  0
945  0
946  0
947  0
948  0
949  0
950  0
951  0
952  0
953  0
954  0
955  0
956  0
957  0
958  0
959  0
960  0
961  0
962  0
963  0
964  0
965  0
966  0
967  0
968  0
969  0
970  1
971  0
972  0
973  0
974  0
975  0
976  0
977  0
978  0
979  0
980  0
981  0
982  0
983  1
984  0
985  1
986  0
987  0
988  0
989  0
990  0
991  0
992  0
993  0
994  0
995  0
996  0
997  0
998  0
999  0
1000  0
1001  0
1002  1
1003  0
1004  0
1005  0
1006  0
1007  0
1008  0
1009  0
1010  0
1011  0
1012  0
1013  1
1014  0
1015  0
1016  0
1017  0
1018  0
1019  2
1020  0
1021  1
1022  0
1023  1
