0  0
1  0
2  0
3  0
4  0
5  0
6  0
7  0
8  0
9  0
10  0
11  0
12  0
13  0
14  0
15  2
16  2
17  4
18  4
19  1
20  0
21  8
22  2
23  0
24  2
25  1
26  3
27  3
28  3
29  3
30  4
31  3
32  3
33  2
34  1
35  2
36  5
37  2
38  3
39  2
40  2
41  2
42  2
43  1
44  2
45  4
46  6
47  6
48  3
49  4
50  0
51  8
52  2
53  2
54  4
55  7
56  5
57  2
58  6
59  7
60  4
61  4
62  5
63  5
64  5
65  4
66  2
67  2
68  4
69  3
70  3
71  4
72  4
73  3
74  5
75  1
76  3
77  44
78  335
79  457
80  474
81  463
82  449
83  464
84  411
85  413
86  399
87  390
88  367
89  380
90  357
91  395
92  340
93  329
94  354
95  302
96  314
97  304
98  278
99  319
100  294
101  253
102  232
103  254
104  259
105  234
106  223
107  217
108  185
109  195
110  182
111  189
112  180
113  175
114  164
115  158
116  147
117  146
118  155
119  150
120  142
121  141
122  131
123  119
124  160
125  155
126  145
127  136
128  162
129  158
130  186
131  173
132  199
133  238
134  241
135  248
136  265
137  302
138  342
139  358
140  348
141  347
142  349
143  415
144  393
145  433
146  396
147  382
148  384
149  387
150  371
151  308
152  309
153  295
154  261
155  244
156  238
157  226
158  208
159  179
160  148
161  125
162  114
163  118
164  101
165  115
166  86
167  89
168  93
169  73
170  77
171  77
172  69
173  67
174  68
175  60
176  75
177  74
178  62
179  54
180  49
181  60
182  72
183  70
184  58
185  56
186  58
187  66
188  50
189  61
190  45
191  54
192  61
193  53
194  52
195  53
196  52
197  46
198  42
199  55
200  45
201  41
202  53
203  66
204  45
205  56
206  36
207  48
208  44
209  45
210  60
211  39
212  48
213  56
214  40
215  38
216  49
217  41
218  44
219  47
220  31
221  37
222  42
223  42
224  42
225  51
226  47
227  44
228  42
229  38
230  36
231  43
232  37
233  60
234  40
235  51
236  51
237  43
238  53
239  39
240  39
241  39
242  49
243  41
244  48
245  35
246  45
247  52
248  47
249  43
250  49
251  47
252  53
253  42
254  40
255  43
256  39
257  42
258  40
259  43
260  42
261  48
262  48
263  40
264  38
265  46
266  44
267  29
268  34
269  47
270  52
271  33
272  34
273  39
274  38
275  27
276  31
277  34
278  39
279  33
280  31
281  21
282  30
283  28
284  35
285  33
286  29
287  29
288  30
289  25
290  29
291  21
292  23
293  18
294  18
295  23
296  33
297  25
298  26
299  22
300  30
301  29
302  28
303  29
304  17
305  21
306  31
307  26
308  23
309  24
310  14
311  23
312  28
313  28
314  20
315  28
316  32
317  25
318  32
319  29
320  33
321  43
322  32
323  44
324  26
325  41
326  48
327  51
328  41
329  43
330  39
331  45
332  51
333  43
334  36
335  37
336  49
337  48
338  41
339  45
340  39
341  39
342  46
343  40
344  45
345  36
346  61
347  40
348  34
349  43
350  29
351  31
352  31
353  33
354  27
355  36
356  28
357  15
358  22
359  24
360  21
361  22
362  16
363  21
364  19
365  21
366  23
367  16
368  24
369  16
370  11
371  36
372  17
373  11
374  15
375  12
376  18
377  20
378  17
379  16
380  15
381  10
382  15
383  9
384  8
385  20
386  10
387  17
388  11
389  7
390  8
391  22
392  18
393  10
394  10
395  12
396  14
397  13
398  13
399  19
400  9
401  4
402  4
403  13
404  7
405  7
406  4
407  10
408  6
409  13
410  6
411  10
412  9
413  5
414  3
415  2
416  7
417  3
418  9
419  7
420  4
421  3
422  8
423  8
424  4
425  2
426  2
427  5
428  4
429  1
430  2
431  3
432  8
433  8
434  1
435  2
436  6
437  8
438  4
439  3
440  4
441  6
442  2
443  5
444  5
445  5
446  4
447  4
448  5
449  3
450  2
451  3
452  5
453  4
454  2
455  1
456  4
457  1
458  2
459  3
460  3
461  3
462  2
463  3
464  4
465  2
466  2
467  2
468  4
469  2
470  2
471  2
472  3
473  3
474  0
475  3
476  5
477  5
478  1
479  5
480  1
481  1
482  1
483  2
484  3
485  3
486  1
487  4
488  3
489  2
490  2
491  2
492  2
493  1
494  4
495  1
496  5
497  0
498  6
499  3
500  6
501  4
502  0
503  3
504  1
505  4
506  1
507  5
508  2
509  1
510  2
511  3
512  0
513  1
514  0
515  2
516  1
517  5
518  1
519  1
520  2
521  6
522  2
523  3
524  2
525  1
526  1
527  2
528  1
529  2
530  3
531  2
532  2
533  2
534  2
535  3
536  0
537  4
538  3
539  1
540  2
541  1
542  2
543  5
544  0
545  3
546  2
547  2
548  3
549  2
550  3
551  3
552  3
553  0
554  2
555  2
556  1
557  1
558  0
559  1
560  2
561  1
562  1
563  2
564  1
565  4
566  0
567  0
568  1
569  3
570  3
571  2
572  1
573  2
574  1
575  1
576  2
577  3
578  2
579  1
580  1
581  1
582  1
583  4
584  0
585  1
586  2
587  3
588  1
589  0
590  2
591  1
592  1
593  1
594  1
595  2
596  3
597  0
598  2
599  0
600  0
601  0
602  1
603  1
604  1
605  1
606  1
607  2
608  2
609  1
610  1
611  2
612  0
613  1
614  3
615  1
616  1
617  1
618  0
619  0
620  0
621  0
622  1
623  0
624  0
625  0
626  2
627  0
628  1
629  4
630  1
631  0
632  0
633  1
634  0
635  0
636  1
637  1
638  1
639  1
640  1
641  2
642  1
643  0
644  0
645  1
646  0
647  0
648  2
649  1
650  0
651  1
652  2
653  2
654  2
655  2
656  1
657  0
658  1
659  0
660  2
661  3
662  1
663  3
664  1
665  3
666  0
667  0
668  2
669  0
670  0
671  0
672  0
673  1
674  3
675  2
676  0
677  1
678  2
679  0
680  2
681  1
682  0
683  1
684  1
685  0
686  3
687  2
688  1
689  1
690  0
691  1
692  0
693  0
694  0
695  2
696  0
697  2
698  1
699  0
700  0
701  0
702  1
703  0
704  0
705  0
706  0
707  0
708  0
709  2
710  1
711  0
712  0
713  0
714  0
715  0
716  0
717  0
718  2
719  0
720  1
721  0
722  0
723  1
724  1
725  1
726  0
727  0
728  0
729  1
730  0
731  0
732  1
733  0
734  1
735  0
736  0
737  0
738  0
739  0
740  0
741  0
742  0
743  0
744  0
745  0
746  0
747  0
748  0
749  0
750  0
751  1
752  0
753  1
754  0
755  0
756  0
757  1
758  0
759  0
760  0
761  0
762  0
763  0
764  0
765  1
766  0
767  2
768  1
769  0
770  0
771  0
772  1
773  0
774  1
775  0
776  0
777  0
778  0
779  1
780  0
781  1
782  0
783  1
784  0
785  0
786  0
787  0
788  1
789  0
790  0
791  0
792  0
793  0
794  0
795  0
796  0
797  0
798  0
799  0
800  0
801  0
802  0
803  0
804  0
805  0
806  0
807  0
808  0
809  0
810  0
811  0
812  1
813  0
814  0
815  0
816  0
817  1
818  1
819  0
820  0
821  0
822  1
823  0
824  0
825  0
826  0
827  0
828  0
829  0
830  0
831  0
832  0
833  0
834  1
835  0
836  0
837  0
838  0
839  0
840  0
841  0
842  0
843  0
844  0
845  0
846  0
847  0
848  0
849  0
850  0
851  0
852  0
853  0
854  0
855  0
856  0
857  1
858  0
859  0
860  0
861  0
862  1
863  0
864  0
865  0
866  1
867  0
868  0
869  0
870  0
871  0
872  0
873  0
874  0
875  0
876  1
877  0
878  0
879  0
880  0
881  0
882  0
883  0
884  0
885  0
886  0
887  0
888  0
889  0
890  0
891  0
892  0
893  0
894  0
895  0
896  0
897  0
898  0
899  0
900  0
901  0
902  0
903  0
904  0
905  0
906  0
907  0
908  0
909  0
910  0
911  0
912  0
913  0
914  0
915  0
916  0
917  0
918  0
919  0
920  0
921  0
922  0
923  0
924  0
925  0
926  0
927  0
928  0
929  0
930  0
931  0
932  0
933  0
934  0
935  0
936  0
937  0
938  0
939  0
940  0
941  0
942  0
943  0
944  0
945  0
946  0
947  0
948  0
949  0
950  0
951  0
952  0
953  0
954  0
955  0
956  0
957  0
958  0
959  0
960  0
961  0
962  0
963  0
964  0
965  0
966  0
967  0
968  0
969  0
970  0
971  0
972  0
973  0
974  0
975  0
976  0
977  0
978  0
979  0
980  0
981  0
982  0
983  0
984  0
985  0
986  0
987  0
988  0
989  0
990  0
991  0
992  0
993  0
994  0
995  0
996  0
997  0
998  0
999  0
1000  0
1001  0
1002  0
1003  0
1004  0
1005  0
1006  0
1007  0
1008  0
1009  1
1010  0
1011  0
1012  0
1013  0
1014  0
1015  1
1016  0
1017  1
1018  0
1019  0
1020  0
1021  1
1022  0
1023  0
