0  0
1  0
2  0
3  0
4  0
5  0
6  0
7  0
8  0
9  0
10  0
11  0
12  0
13  0
14  0
15  3
16  7
17  6
18  3
19  5
20  5
21  5
22  4
23  7
24  10
25  4
26  5
27  12
28  4
29  5
30  5
31  4
32  6
33  5
34  3
35  7
36  3
37  5
38  6
39  10
40  8
41  11
42  7
43  5
44  10
45  11
46  10
47  15
48  8
49  7
50  9
51  11
52  8
53  12
54  8
55  15
56  13
57  8
58  7
59  42
60  152
61  300
62  360
63  353
64  339
65  356
66  339
67  316
68  303
69  287
70  312
71  267
72  251
73  272
74  217
75  231
76  209
77  231
78  209
79  202
80  177
81  176
82  180
83  179
84  182
85  181
86  142
87  176
88  176
89  148
90  163
91  149
92  148
93  147
94  125
95  130
96  138
97  99
98  95
99  102
100  77
101  75
102  85
103  84
104  88
105  81
106  77
107  82
108  65
109  71
110  68
111  70
112  67
113  64
114  71
115  57
116  68
117  70
118  71
119  74
120  79
121  79
122  88
123  67
124  82
125  101
126  79
127  119
128  102
129  142
130  114
131  137
132  160
133  146
134  159
135  159
136  169
137  210
138  215
139  189
140  213
141  227
142  196
143  211
144  204
145  165
146  141
147  147
148  138
149  98
150  76
151  88
152  71
153  35
154  44
155  44
156  35
157  29
158  23
159  31
160  28
161  27
162  28
163  28
164  36
165  34
166  27
167  31
168  35
169  27
170  24
171  27
172  22
173  25
174  27
175  9
176  23
177  17
178  22
179  14
180  20
181  25
182  26
183  17
184  25
185  19
186  21
187  18
188  21
189  18
190  18
191  14
192  19
193  17
194  25
195  15
196  27
197  13
198  17
199  9
200  22
201  9
202  24
203  17
204  21
205  24
206  24
207  16
208  16
209  19
210  23
211  17
212  18
213  17
214  18
215  17
216  12
217  19
218  23
219  27
220  27
221  22
222  19
223  14
224  17
225  15
226  19
227  11
228  16
229  11
230  22
231  22
232  18
233  18
234  15
235  25
236  21
237  23
238  20
239  13
240  13
241  13
242  23
243  15
244  14
245  18
246  26
247  11
248  22
249  13
250  19
251  17
252  24
253  16
254  24
255  19
256  15
257  25
258  22
259  11
260  16
261  18
262  21
263  17
264  14
265  20
266  21
267  19
268  17
269  16
270  19
271  16
272  17
273  8
274  18
275  28
276  14
277  9
278  17
279  12
280  12
281  13
282  13
283  22
284  8
285  12
286  11
287  18
288  7
289  10
290  9
291  14
292  15
293  7
294  8
295  13
296  12
297  5
298  9
299  10
300  5
301  12
302  9
303  13
304  8
305  13
306  10
307  8
308  11
309  7
310  12
311  10
312  10
313  13
314  14
315  12
316  9
317  10
318  12
319  15
320  13
321  18
322  18
323  18
324  20
325  18
326  27
327  19
328  20
329  19
330  25
331  26
332  25
333  21
334  17
335  20
336  14
337  21
338  20
339  16
340  15
341  14
342  11
343  14
344  16
345  10
346  12
347  8
348  15
349  12
350  6
351  6
352  9
353  7
354  3
355  6
356  2
357  2
358  7
359  2
360  5
361  3
362  7
363  2
364  7
365  4
366  3
367  3
368  2
369  7
370  7
371  4
372  4
373  7
374  4
375  0
376  3
377  3
378  2
379  1
380  2
381  3
382  4
383  2
384  2
385  6
386  3
387  2
388  3
389  5
390  4
391  4
392  2
393  1
394  4
395  3
396  0
397  1
398  1
399  3
400  2
401  2
402  2
403  3
404  4
405  4
406  1
407  5
408  1
409  1
410  3
411  0
412  1
413  5
414  0
415  0
416  1
417  0
418  3
419  0
420  3
421  5
422  0
423  2
424  0
425  0
426  3
427  1
428  2
429  2
430  1
431  2
432  2
433  1
434  3
435  0
436  3
437  1
438  3
439  2
440  1
441  2
442  1
443  0
444  0
445  0
446  3
447  0
448  0
449  1
450  1
451  1
452  1
453  1
454  0
455  2
456  1
457  0
458  0
459  2
460  0
461  1
462  0
463  2
464  0
465  0
466  1
467  1
468  0
469  3
470  1
471  1
472  0
473  1
474  0
475  3
476  0
477  2
478  1
479  0
480  0
481  1
482  2
483  4
484  2
485  0
486  1
487  0
488  2
489  0
490  1
491  0
492  1
493  0
494  0
495  1
496  1
497  0
498  1
499  0
500  0
501  0
502  2
503  0
504  0
505  2
506  1
507  1
508  1
509  0
510  1
511  0
512  0
513  0
514  1
515  0
516  0
517  0
518  0
519  0
520  0
521  0
522  0
523  1
524  2
525  1
526  0
527  0
528  0
529  0
530  0
531  2
532  1
533  0
534  0
535  0
536  1
537  1
538  1
539  0
540  1
541  1
542  1
543  1
544  1
545  1
546  1
547  0
548  0
549  0
550  0
551  2
552  1
553  0
554  1
555  0
556  0
557  1
558  1
559  0
560  0
561  0
562  0
563  0
564  0
565  0
566  0
567  0
568  0
569  0
570  0
571  0
572  0
573  0
574  0
575  0
576  0
577  0
578  0
579  0
580  0
581  0
582  0
583  0
584  0
585  0
586  0
587  0
588  0
589  0
590  0
591  0
592  0
593  0
594  0
595  0
596  0
597  0
598  0
599  0
600  0
601  0
602  0
603  0
604  0
605  0
606  0
607  0
608  0
609  0
610  0
611  0
612  0
613  0
614  0
615  0
616  0
617  0
618  0
619  0
620  0
621  0
622  0
623  0
624  0
625  0
626  0
627  0
628  0
629  0
630  0
631  0
632  0
633  0
634  0
635  0
636  0
637  0
638  0
639  0
640  0
641  0
642  0
643  0
644  0
645  0
646  0
647  0
648  0
649  0
650  0
651  0
652  0
653  0
654  0
655  0
656  0
657  0
658  0
659  0
660  0
661  0
662  0
663  0
664  0
665  0
666  0
667  0
668  0
669  0
670  0
671  0
672  0
673  0
674  0
675  0
676  0
677  0
678  0
679  0
680  0
681  0
682  0
683  0
684  0
685  0
686  0
687  0
688  0
689  0
690  0
691  0
692  0
693  0
694  0
695  0
696  0
697  0
698  0
699  0
700  0
701  0
702  0
703  0
704  0
705  0
706  0
707  0
708  0
709  0
710  0
711  0
712  0
713  0
714  0
715  0
716  0
717  0
718  0
719  0
720  0
721  0
722  0
723  0
724  0
725  0
726  0
727  0
728  0
729  0
730  0
731  0
732  0
733  0
734  0
735  0
736  0
737  0
738  0
739  0
740  0
741  0
742  0
743  0
744  0
745  0
746  0
747  0
748  0
749  0
750  0
751  0
752  0
753  0
754  0
755  0
756  0
757  0
758  0
759  0
760  0
761  0
762  0
763  0
764  0
765  0
766  0
767  0
768  0
769  0
770  0
771  0
772  0
773  0
774  0
775  0
776  0
777  0
778  0
779  0
780  0
781  0
782  0
783  0
784  0
785  0
786  0
787  0
788  0
789  0
790  0
791  0
792  0
793  0
794  0
795  0
796  0
797  0
798  0
799  0
800  0
801  0
802  0
803  0
804  0
805  0
806  0
807  0
808  0
809  0
810  0
811  0
812  0
813  0
814  0
815  0
816  0
817  0
818  0
819  0
820  0
821  0
822  0
823  0
824  0
825  0
826  0
827  0
828  0
829  0
830  0
831  0
832  0
833  0
834  0
835  0
836  0
837  0
838  0
839  0
840  0
841  0
842  0
843  0
844  0
845  0
846  0
847  0
848  0
849  0
850  0
851  0
852  0
853  0
854  0
855  0
856  0
857  0
858  0
859  0
860  0
861  0
862  0
863  0
864  0
865  0
866  0
867  0
868  0
869  0
870  0
871  0
872  0
873  0
874  0
875  0
876  0
877  0
878  0
879  0
880  0
881  0
882  0
883  0
884  0
885  0
886  0
887  0
888  0
889  0
890  0
891  0
892  0
893  0
894  0
895  0
896  0
897  0
898  0
899  0
900  0
901  0
902  0
903  0
904  0
905  0
906  0
907  0
908  0
909  0
910  0
911  0
912  0
913  0
914  0
915  0
916  0
917  0
918  0
919  0
920  0
921  0
922  0
923  0
924  0
925  0
926  0
927  0
928  0
929  0
930  0
931  0
932  0
933  0
934  0
935  0
936  0
937  0
938  0
939  0
940  0
941  0
942  0
943  0
944  0
945  0
946  0
947  0
948  0
949  0
950  0
951  0
952  0
953  0
954  0
955  0
956  0
957  0
958  0
959  0
960  0
961  0
962  0
963  0
964  0
965  0
966  0
967  0
968  0
969  0
970  0
971  0
972  0
973  0
974  0
975  0
976  0
977  0
978  0
979  0
980  0
981  0
982  0
983  0
984  0
985  0
986  0
987  0
988  0
989  0
990  0
991  0
992  0
993  0
994  0
995  0
996  0
997  1
998  0
999  0
1000  0
1001  1
1002  0
1003  0
1004  0
1005  0
1006  0
1007  0
1008  0
1009  0
1010  1
1011  0
1012  0
1013  0
1014  0
1015  1
1016  0
1017  1
1018  0
1019  0
1020  0
1021  1
1022  1
1023  4
