0  0
1  0
2  0
3  0
4  0
5  0
6  0
7  0
8  0
9  0
10  0
11  0
12  0
13  0
14  0
15  5
16  3
17  1
18  2
19  0
20  1
21  0
22  3
23  1
24  0
25  0
26  1
27  3
28  1
29  1
30  1
31  1
32  1
33  2
34  0
35  3
36  2
37  3
38  2
39  3
40  2
41  3
42  1
43  1
44  1
45  1
46  1
47  3
48  1
49  5
50  2
51  2
52  6
53  1
54  2
55  0
56  4
57  0
58  4
59  29
60  192
61  347
62  374
63  374
64  359
65  293
66  322
67  298
68  316
69  311
70  283
71  255
72  257
73  227
74  235
75  221
76  249
77  219
78  196
79  205
80  202
81  182
82  182
83  153
84  170
85  161
86  173
87  153
88  163
89  150
90  159
91  121
92  135
93  145
94  148
95  135
96  127
97  120
98  124
99  96
100  90
101  83
102  105
103  69
104  97
105  80
106  68
107  86
108  94
109  76
110  78
111  68
112  63
113  83
114  65
115  56
116  70
117  52
118  77
119  66
120  55
121  70
122  84
123  86
124  84
125  77
126  85
127  88
128  103
129  106
130  114
131  122
132  158
133  170
134  170
135  207
136  208
137  196
138  220
139  233
140  240
141  233
142  229
143  202
144  215
145  188
146  143
147  138
148  126
149  94
150  88
151  86
152  62
153  53
154  45
155  43
156  38
157  38
158  32
159  30
160  39
161  28
162  40
163  30
164  43
165  28
166  29
167  27
168  23
169  24
170  27
171  20
172  21
173  28
174  31
175  25
176  28
177  19
178  23
179  19
180  26
181  17
182  22
183  17
184  20
185  29
186  25
187  21
188  22
189  21
190  27
191  21
192  18
193  30
194  20
195  16
196  23
197  19
198  21
199  22
200  18
201  23
202  25
203  19
204  25
205  25
206  18
207  14
208  20
209  15
210  20
211  23
212  25
213  17
214  17
215  20
216  22
217  12
218  18
219  27
220  22
221  24
222  23
223  20
224  14
225  15
226  23
227  20
228  20
229  17
230  22
231  13
232  17
233  13
234  17
235  20
236  19
237  13
238  18
239  28
240  23
241  25
242  19
243  12
244  21
245  28
246  14
247  20
248  16
249  18
250  14
251  14
252  23
253  21
254  23
255  15
256  20
257  18
258  16
259  19
260  24
261  16
262  18
263  13
264  17
265  19
266  21
267  25
268  11
269  21
270  17
271  14
272  23
273  16
274  6
275  20
276  19
277  15
278  14
279  12
280  10
281  11
282  14
283  12
284  12
285  15
286  21
287  14
288  14
289  10
290  9
291  7
292  8
293  7
294  13
295  7
296  17
297  11
298  16
299  15
300  11
301  6
302  8
303  9
304  5
305  9
306  11
307  7
308  10
309  13
310  12
311  10
312  12
313  10
314  6
315  9
316  12
317  9
318  17
319  14
320  19
321  19
322  21
323  17
324  18
325  21
326  17
327  18
328  35
329  24
330  24
331  21
332  15
333  14
334  19
335  12
336  19
337  16
338  14
339  18
340  15
341  18
342  13
343  10
344  10
345  12
346  12
347  4
348  7
349  7
350  9
351  8
352  5
353  7
354  7
355  3
356  2
357  4
358  5
359  4
360  3
361  7
362  2
363  8
364  7
365  6
366  5
367  7
368  4
369  9
370  1
371  6
372  8
373  3
374  4
375  6
376  4
377  4
378  5
379  10
380  7
381  4
382  4
383  3
384  3
385  2
386  6
387  2
388  7
389  7
390  1
391  0
392  3
393  2
394  1
395  1
396  2
397  1
398  1
399  2
400  2
401  2
402  3
403  0
404  0
405  0
406  6
407  2
408  1
409  0
410  2
411  3
412  2
413  0
414  1
415  2
416  2
417  1
418  0
419  0
420  2
421  2
422  1
423  1
424  0
425  1
426  0
427  3
428  0
429  0
430  3
431  2
432  1
433  0
434  0
435  3
436  0
437  1
438  1
439  1
440  0
441  4
442  0
443  0
444  3
445  1
446  0
447  0
448  1
449  2
450  2
451  2
452  0
453  1
454  2
455  0
456  1
457  1
458  0
459  1
460  0
461  0
462  2
463  4
464  2
465  2
466  3
467  1
468  0
469  1
470  2
471  0
472  0
473  0
474  0
475  0
476  0
477  1
478  2
479  2
480  1
481  0
482  1
483  0
484  0
485  0
486  2
487  0
488  0
489  0
490  0
491  3
492  1
493  1
494  1
495  0
496  0
497  0
498  4
499  0
500  1
501  1
502  1
503  0
504  0
505  2
506  0
507  0
508  0
509  0
510  1
511  0
512  2
513  0
514  3
515  0
516  1
517  0
518  0
519  1
520  1
521  2
522  0
523  1
524  2
525  1
526  1
527  0
528  2
529  0
530  0
531  1
532  2
533  1
534  0
535  0
536  1
537  0
538  1
539  0
540  0
541  0
542  1
543  0
544  0
545  1
546  2
547  0
548  0
549  0
550  1
551  0
552  0
553  0
554  3
555  2
556  0
557  0
558  0
559  0
560  0
561  0
562  0
563  0
564  0
565  0
566  0
567  0
568  0
569  0
570  0
571  0
572  0
573  0
574  0
575  0
576  0
577  0
578  0
579  0
580  0
581  0
582  0
583  0
584  0
585  0
586  0
587  0
588  0
589  0
590  0
591  0
592  0
593  0
594  0
595  0
596  0
597  0
598  0
599  0
600  0
601  0
602  0
603  1
604  0
605  0
606  0
607  0
608  0
609  0
610  0
611  0
612  0
613  0
614  0
615  0
616  0
617  0
618  0
619  0
620  0
621  0
622  0
623  0
624  0
625  0
626  0
627  0
628  0
629  0
630  0
631  0
632  0
633  0
634  0
635  0
636  0
637  0
638  0
639  0
640  0
641  0
642  0
643  0
644  0
645  0
646  0
647  0
648  0
649  0
650  0
651  0
652  0
653  0
654  0
655  0
656  0
657  0
658  0
659  0
660  0
661  0
662  0
663  0
664  0
665  0
666  0
667  0
668  0
669  0
670  0
671  0
672  0
673  0
674  0
675  0
676  0
677  0
678  0
679  0
680  0
681  0
682  0
683  0
684  0
685  0
686  0
687  0
688  0
689  0
690  0
691  0
692  0
693  0
694  0
695  0
696  0
697  0
698  0
699  0
700  0
701  0
702  0
703  0
704  0
705  0
706  0
707  0
708  0
709  0
710  0
711  0
712  0
713  0
714  0
715  0
716  0
717  0
718  0
719  0
720  0
721  0
722  0
723  0
724  0
725  0
726  0
727  0
728  0
729  0
730  0
731  0
732  0
733  0
734  0
735  0
736  0
737  0
738  0
739  0
740  0
741  0
742  0
743  0
744  0
745  0
746  0
747  0
748  0
749  0
750  0
751  0
752  0
753  0
754  0
755  0
756  0
757  0
758  0
759  0
760  0
761  0
762  0
763  0
764  0
765  0
766  0
767  0
768  0
769  0
770  0
771  0
772  0
773  0
774  0
775  0
776  0
777  0
778  0
779  0
780  0
781  0
782  0
783  0
784  0
785  0
786  0
787  0
788  0
789  0
790  0
791  0
792  0
793  0
794  0
795  0
796  0
797  0
798  0
799  0
800  0
801  0
802  0
803  0
804  0
805  0
806  0
807  0
808  0
809  0
810  0
811  0
812  0
813  0
814  0
815  0
816  0
817  0
818  0
819  0
820  0
821  0
822  0
823  0
824  0
825  0
826  0
827  0
828  0
829  0
830  0
831  0
832  0
833  0
834  0
835  0
836  0
837  0
838  0
839  0
840  0
841  0
842  0
843  0
844  0
845  0
846  0
847  0
848  0
849  0
850  0
851  0
852  0
853  0
854  0
855  0
856  0
857  0
858  0
859  0
860  0
861  0
862  0
863  0
864  0
865  0
866  0
867  0
868  0
869  0
870  0
871  0
872  0
873  0
874  0
875  0
876  0
877  0
878  0
879  0
880  0
881  0
882  0
883  0
884  0
885  0
886  0
887  0
888  0
889  0
890  0
891  0
892  0
893  0
894  0
895  0
896  0
897  0
898  0
899  0
900  0
901  0
902  0
903  0
904  0
905  0
906  0
907  0
908  0
909  0
910  0
911  0
912  0
913  0
914  0
915  0
916  0
917  0
918  0
919  0
920  0
921  0
922  0
923  0
924  0
925  0
926  0
927  0
928  0
929  0
930  0
931  0
932  0
933  0
934  0
935  0
936  0
937  0
938  0
939  0
940  0
941  0
942  0
943  0
944  0
945  0
946  0
947  0
948  0
949  0
950  0
951  0
952  0
953  0
954  0
955  0
956  0
957  0
958  0
959  0
960  0
961  0
962  0
963  0
964  0
965  0
966  0
967  0
968  0
969  0
970  0
971  0
972  0
973  0
974  0
975  0
976  0
977  0
978  0
979  0
980  0
981  0
982  0
983  0
984  0
985  0
986  0
987  0
988  0
989  0
990  0
991  0
992  1
993  0
994  0
995  0
996  1
997  0
998  0
999  0
1000  1
1001  0
1002  0
1003  0
1004  1
1005  0
1006  0
1007  0
1008  1
1009  0
1010  1
1011  0
1012  2
1013  1
1014  0
1015  1
1016  0
1017  1
1018  1
1019  0
1020  0
1021  1
1022  1
1023  1
