0  0
1  0
2  0
3  0
4  0
5  0
6  0
7  0
8  0
9  0
10  0
11  0
12  0
13  0
14  0
15  3
16  0
17  0
18  1
19  0
20  0
21  1
22  3
23  2
24  1
25  1
26  0
27  1
28  0
29  4
30  0
31  2
32  1
33  3
34  2
35  0
36  1
37  1
38  2
39  5
40  2
41  2
42  1
43  2
44  2
45  0
46  1
47  1
48  1
49  5
50  1
51  2
52  3
53  2
54  2
55  3
56  4
57  6
58  0
59  2
60  4
61  4
62  2
63  1
64  2
65  0
66  2
67  1
68  1
69  1
70  0
71  4
72  2
73  2
74  1
75  1
76  1
77  58
78  371
79  516
80  475
81  469
82  424
83  444
84  437
85  437
86  396
87  373
88  361
89  391
90  359
91  342
92  358
93  322
94  353
95  332
96  320
97  288
98  291
99  265
100  271
101  285
102  241
103  228
104  243
105  219
106  210
107  187
108  199
109  218
110  187
111  188
112  176
113  157
114  163
115  164
116  143
117  144
118  146
119  156
120  155
121  118
122  132
123  116
124  164
125  179
126  149
127  138
128  164
129  150
130  170
131  190
132  205
133  211
134  219
135  283
136  293
137  268
138  317
139  355
140  371
141  360
142  386
143  449
144  380
145  429
146  410
147  375
148  368
149  411
150  351
151  352
152  319
153  279
154  269
155  235
156  231
157  190
158  212
159  154
160  163
161  139
162  115
163  118
164  110
165  106
166  106
167  82
168  81
169  88
170  88
171  76
172  85
173  75
174  63
175  70
176  50
177  65
178  66
179  62
180  56
181  69
182  54
183  49
184  54
185  68
186  54
187  56
188  53
189  49
190  61
191  49
192  51
193  49
194  48
195  35
196  49
197  54
198  42
199  51
200  53
201  43
202  53
203  60
204  39
205  58
206  51
207  49
208  39
209  51
210  50
211  57
212  44
213  38
214  60
215  47
216  43
217  40
218  47
219  58
220  38
221  48
222  38
223  43
224  38
225  52
226  52
227  47
228  46
229  42
230  44
231  38
232  54
233  41
234  46
235  32
236  53
237  48
238  38
239  42
240  53
241  36
242  38
243  32
244  33
245  46
246  45
247  49
248  41
249  46
250  48
251  51
252  41
253  56
254  44
255  33
256  48
257  55
258  54
259  39
260  43
261  44
262  42
263  41
264  36
265  38
266  40
267  28
268  54
269  35
270  30
271  36
272  33
273  26
274  29
275  46
276  36
277  44
278  34
279  33
280  30
281  33
282  43
283  27
284  26
285  24
286  24
287  41
288  23
289  27
290  34
291  30
292  24
293  28
294  27
295  28
296  21
297  23
298  25
299  24
300  19
301  24
302  39
303  22
304  29
305  29
306  18
307  18
308  23
309  34
310  24
311  17
312  20
313  25
314  38
315  21
316  27
317  19
318  28
319  26
320  28
321  34
322  25
323  46
324  37
325  37
326  28
327  48
328  48
329  49
330  39
331  41
332  50
333  45
334  44
335  46
336  58
337  44
338  47
339  40
340  44
341  47
342  54
343  43
344  42
345  43
346  32
347  38
348  41
349  29
350  34
351  28
352  35
353  33
354  31
355  28
356  24
357  21
358  22
359  23
360  21
361  30
362  32
363  18
364  24
365  20
366  15
367  20
368  18
369  19
370  18
371  16
372  16
373  10
374  25
375  16
376  21
377  18
378  24
379  10
380  16
381  15
382  13
383  11
384  17
385  22
386  13
387  15
388  15
389  10
390  14
391  16
392  14
393  4
394  16
395  11
396  13
397  13
398  14
399  10
400  7
401  11
402  13
403  5
404  8
405  8
406  7
407  4
408  8
409  12
410  5
411  8
412  8
413  4
414  11
415  6
416  5
417  7
418  6
419  5
420  5
421  6
422  8
423  6
424  4
425  5
426  6
427  9
428  8
429  2
430  6
431  3
432  9
433  7
434  2
435  2
436  4
437  4
438  6
439  1
440  3
441  6
442  1
443  7
444  3
445  7
446  2
447  4
448  2
449  3
450  5
451  1
452  4
453  4
454  4
455  9
456  2
457  4
458  7
459  1
460  2
461  1
462  3
463  6
464  2
465  3
466  2
467  1
468  2
469  3
470  3
471  5
472  4
473  1
474  3
475  4
476  3
477  2
478  8
479  2
480  3
481  1
482  1
483  2
484  3
485  3
486  3
487  4
488  2
489  4
490  1
491  2
492  2
493  0
494  2
495  0
496  4
497  3
498  3
499  0
500  2
501  0
502  2
503  2
504  1
505  5
506  1
507  2
508  0
509  4
510  2
511  2
512  3
513  1
514  4
515  3
516  3
517  5
518  3
519  1
520  3
521  4
522  1
523  3
524  4
525  2
526  3
527  1
528  1
529  0
530  0
531  3
532  1
533  2
534  0
535  4
536  2
537  1
538  5
539  0
540  3
541  3
542  0
543  1
544  3
545  1
546  0
547  1
548  4
549  1
550  2
551  5
552  2
553  1
554  1
555  5
556  1
557  3
558  3
559  2
560  1
561  0
562  3
563  1
564  0
565  2
566  4
567  2
568  2
569  1
570  0
571  1
572  1
573  2
574  0
575  1
576  1
577  2
578  2
579  3
580  2
581  2
582  1
583  2
584  2
585  2
586  1
587  1
588  2
589  1
590  2
591  0
592  1
593  3
594  3
595  1
596  2
597  1
598  0
599  2
600  1
601  1
602  1
603  2
604  0
605  3
606  2
607  1
608  1
609  0
610  0
611  3
612  0
613  1
614  2
615  1
616  2
617  2
618  2
619  1
620  1
621  1
622  1
623  2
624  0
625  1
626  0
627  0
628  1
629  0
630  0
631  0
632  0
633  1
634  2
635  1
636  1
637  0
638  0
639  1
640  0
641  3
642  1
643  1
644  1
645  0
646  0
647  3
648  0
649  0
650  2
651  0
652  1
653  1
654  2
655  0
656  0
657  1
658  0
659  0
660  1
661  4
662  4
663  5
664  0
665  0
666  1
667  1
668  0
669  0
670  3
671  0
672  0
673  0
674  1
675  1
676  0
677  4
678  1
679  2
680  1
681  3
682  0
683  1
684  0
685  1
686  0
687  0
688  0
689  1
690  0
691  0
692  2
693  0
694  0
695  0
696  3
697  1
698  0
699  0
700  1
701  0
702  0
703  1
704  0
705  1
706  0
707  2
708  1
709  0
710  0
711  1
712  1
713  0
714  0
715  0
716  1
717  0
718  0
719  0
720  0
721  1
722  0
723  0
724  0
725  0
726  0
727  0
728  0
729  0
730  0
731  0
732  0
733  0
734  1
735  2
736  0
737  0
738  1
739  0
740  0
741  0
742  0
743  0
744  0
745  0
746  0
747  0
748  0
749  1
750  0
751  0
752  0
753  0
754  0
755  0
756  0
757  2
758  1
759  0
760  1
761  2
762  0
763  0
764  0
765  0
766  0
767  0
768  0
769  0
770  1
771  0
772  0
773  0
774  0
775  0
776  1
777  0
778  0
779  0
780  0
781  0
782  1
783  0
784  0
785  0
786  0
787  0
788  0
789  0
790  0
791  0
792  0
793  0
794  1
795  0
796  0
797  0
798  0
799  0
800  0
801  1
802  0
803  0
804  0
805  0
806  0
807  0
808  0
809  0
810  0
811  1
812  0
813  0
814  0
815  0
816  0
817  0
818  0
819  0
820  0
821  1
822  1
823  0
824  0
825  0
826  0
827  0
828  0
829  0
830  0
831  0
832  0
833  1
834  0
835  0
836  1
837  0
838  0
839  0
840  0
841  0
842  0
843  0
844  0
845  0
846  0
847  0
848  0
849  0
850  0
851  0
852  0
853  0
854  1
855  0
856  0
857  1
858  0
859  0
860  0
861  0
862  0
863  1
864  1
865  0
866  0
867  0
868  0
869  0
870  0
871  0
872  0
873  0
874  0
875  0
876  0
877  0
878  0
879  0
880  0
881  0
882  1
883  0
884  0
885  0
886  0
887  0
888  1
889  0
890  0
891  0
892  0
893  0
894  0
895  0
896  1
897  0
898  0
899  0
900  0
901  0
902  0
903  0
904  0
905  0
906  0
907  0
908  0
909  0
910  0
911  0
912  0
913  0
914  0
915  0
916  0
917  0
918  0
919  0
920  0
921  0
922  0
923  0
924  0
925  0
926  0
927  0
928  0
929  0
930  0
931  0
932  0
933  0
934  0
935  0
936  0
937  0
938  0
939  0
940  0
941  0
942  0
943  0
944  0
945  0
946  0
947  0
948  0
949  0
950  0
951  0
952  0
953  0
954  0
955  0
956  0
957  0
958  0
959  0
960  0
961  0
962  0
963  0
964  0
965  0
966  0
967  0
968  0
969  0
970  0
971  0
972  0
973  0
974  0
975  0
976  0
977  0
978  0
979  0
980  0
981  0
982  0
983  0
984  0
985  0
986  0
987  0
988  0
989  0
990  0
991  0
992  0
993  0
994  0
995  0
996  0
997  0
998  0
999  0
1000  0
1001  0
1002  0
1003  0
1004  0
1005  0
1006  0
1007  0
1008  0
1009  0
1010  0
1011  0
1012  0
1013  0
1014  0
1015  0
1016  0
1017  0
1018  0
1019  0
1020  0
1021  2
1022  1
1023  1
