0  0
1  0
2  0
3  0
4  0
5  0
6  0
7  0
8  0
9  0
10  0
11  0
12  0
13  0
14  0
15  7
16  9
17  19
18  13
19  17
20  13
21  11
22  8
23  5
24  10
25  12
26  11
27  11
28  15
29  7
30  7
31  9
32  15
33  11
34  15
35  11
36  11
37  12
38  10
39  8
40  10
41  9
42  9
43  10
44  9
45  10
46  12
47  14
48  9
49  10
50  13
51  18
52  11
53  17
54  8
55  16
56  14
57  9
58  17
59  14
60  19
61  13
62  17
63  14
64  12
65  10
66  15
67  15
68  6
69  11
70  8
71  7
72  11
73  11
74  11
75  13
76  4
77  61
78  382
79  489
80  488
81  459
82  477
83  469
84  419
85  414
86  414
87  375
88  364
89  342
90  381
91  357
92  345
93  339
94  345
95  300
96  289
97  287
98  294
99  265
100  275
101  273
102  249
103  264
104  233
105  252
106  233
107  239
108  186
109  203
110  175
111  194
112  162
113  148
114  160
115  161
116  143
117  162
118  144
119  134
120  146
121  166
122  127
123  156
124  130
125  139
126  132
127  144
128  150
129  156
130  170
131  177
132  222
133  229
134  219
135  285
136  284
137  289
138  301
139  337
140  373
141  358
142  404
143  416
144  398
145  390
146  396
147  409
148  396
149  387
150  317
151  335
152  339
153  314
154  245
155  277
156  227
157  193
158  217
159  171
160  161
161  138
162  117
163  113
164  124
165  97
166  95
167  100
168  92
169  93
170  67
171  79
172  74
173  58
174  74
175  71
176  85
177  62
178  60
179  50
180  70
181  57
182  59
183  57
184  57
185  46
186  57
187  60
188  56
189  54
190  58
191  64
192  44
193  50
194  51
195  49
196  40
197  51
198  47
199  52
200  46
201  49
202  49
203  45
204  55
205  37
206  43
207  35
208  47
209  47
210  41
211  42
212  46
213  49
214  53
215  50
216  44
217  44
218  44
219  37
220  36
221  69
222  40
223  54
224  36
225  36
226  46
227  32
228  61
229  42
230  34
231  45
232  34
233  42
234  38
235  35
236  41
237  38
238  55
239  43
240  36
241  39
242  58
243  54
244  41
245  41
246  38
247  41
248  44
249  45
250  37
251  38
252  29
253  43
254  45
255  44
256  52
257  34
258  42
259  45
260  40
261  47
262  55
263  39
264  36
265  36
266  52
267  29
268  37
269  40
270  44
271  35
272  33
273  48
274  29
275  28
276  29
277  37
278  36
279  30
280  40
281  35
282  24
283  23
284  24
285  34
286  30
287  22
288  37
289  30
290  28
291  31
292  23
293  26
294  27
295  21
296  20
297  17
298  18
299  24
300  17
301  21
302  26
303  24
304  27
305  23
306  21
307  23
308  31
309  26
310  24
311  34
312  14
313  44
314  30
315  21
316  40
317  24
318  26
319  32
320  34
321  26
322  28
323  42
324  39
325  42
326  33
327  42
328  52
329  31
330  43
331  49
332  45
333  38
334  41
335  43
336  48
337  57
338  50
339  37
340  49
341  46
342  50
343  47
344  40
345  37
346  45
347  48
348  32
349  36
350  32
351  38
352  35
353  36
354  28
355  26
356  25
357  24
358  28
359  20
360  17
361  23
362  21
363  15
364  21
365  23
366  12
367  25
368  15
369  22
370  14
371  16
372  20
373  16
374  23
375  23
376  15
377  23
378  11
379  19
380  12
381  11
382  19
383  16
384  23
385  14
386  20
387  9
388  14
389  14
390  11
391  12
392  13
393  12
394  13
395  9
396  9
397  10
398  11
399  10
400  13
401  7
402  11
403  7
404  8
405  9
406  6
407  6
408  10
409  8
410  6
411  7
412  4
413  14
414  4
415  6
416  9
417  3
418  5
419  4
420  5
421  10
422  6
423  6
424  4
425  5
426  1
427  3
428  4
429  2
430  4
431  4
432  2
433  1
434  4
435  8
436  2
437  3
438  2
439  5
440  2
441  2
442  5
443  7
444  3
445  2
446  6
447  5
448  7
449  3
450  3
451  4
452  5
453  4
454  0
455  2
456  4
457  2
458  10
459  3
460  4
461  3
462  5
463  4
464  5
465  2
466  1
467  2
468  3
469  3
470  0
471  2
472  5
473  3
474  1
475  2
476  2
477  3
478  5
479  3
480  3
481  5
482  3
483  1
484  3
485  0
486  4
487  2
488  1
489  2
490  1
491  4
492  6
493  1
494  7
495  2
496  3
497  2
498  1
499  1
500  1
501  1
502  4
503  2
504  2
505  1
506  1
507  4
508  1
509  1
510  0
511  2
512  1
513  3
514  1
515  1
516  1
517  1
518  2
519  2
520  2
521  2
522  0
523  0
524  1
525  0
526  1
527  2
528  2
529  0
530  2
531  3
532  3
533  1
534  1
535  1
536  0
537  4
538  1
539  0
540  1
541  0
542  2
543  2
544  4
545  1
546  2
547  3
548  3
549  3
550  0
551  2
552  5
553  1
554  4
555  1
556  3
557  2
558  0
559  1
560  1
561  2
562  0
563  2
564  1
565  2
566  0
567  1
568  2
569  1
570  0
571  1
572  2
573  0
574  2
575  0
576  1
577  3
578  4
579  1
580  1
581  2
582  2
583  3
584  2
585  1
586  0
587  0
588  3
589  0
590  1
591  1
592  2
593  2
594  2
595  4
596  2
597  2
598  3
599  1
600  0
601  0
602  0
603  1
604  1
605  2
606  1
607  1
608  1
609  1
610  1
611  2
612  0
613  1
614  2
615  0
616  4
617  1
618  0
619  2
620  1
621  2
622  1
623  1
624  1
625  0
626  0
627  2
628  1
629  0
630  0
631  0
632  1
633  0
634  2
635  0
636  0
637  1
638  0
639  1
640  1
641  1
642  1
643  0
644  0
645  0
646  1
647  2
648  1
649  4
650  1
651  0
652  3
653  0
654  0
655  0
656  0
657  0
658  1
659  3
660  2
661  1
662  0
663  3
664  2
665  3
666  1
667  3
668  1
669  0
670  0
671  1
672  1
673  1
674  1
675  0
676  2
677  4
678  0
679  0
680  0
681  1
682  0
683  1
684  4
685  1
686  2
687  2
688  1
689  0
690  2
691  0
692  0
693  0
694  1
695  1
696  0
697  0
698  0
699  3
700  1
701  1
702  0
703  0
704  1
705  0
706  0
707  0
708  1
709  2
710  0
711  2
712  1
713  1
714  0
715  3
716  0
717  0
718  2
719  1
720  0
721  0
722  2
723  0
724  0
725  0
726  0
727  1
728  0
729  0
730  0
731  0
732  0
733  0
734  0
735  0
736  0
737  0
738  0
739  0
740  0
741  0
742  0
743  0
744  0
745  0
746  0
747  0
748  0
749  0
750  0
751  0
752  0
753  0
754  1
755  0
756  0
757  0
758  0
759  0
760  0
761  0
762  1
763  0
764  2
765  0
766  1
767  0
768  0
769  0
770  0
771  0
772  0
773  0
774  0
775  1
776  0
777  0
778  0
779  0
780  0
781  1
782  0
783  0
784  0
785  0
786  0
787  0
788  0
789  0
790  0
791  1
792  0
793  0
794  0
795  0
796  0
797  0
798  1
799  0
800  0
801  0
802  0
803  0
804  0
805  0
806  0
807  1
808  1
809  0
810  0
811  0
812  0
813  0
814  0
815  0
816  0
817  0
818  0
819  0
820  0
821  0
822  1
823  0
824  1
825  0
826  0
827  0
828  0
829  0
830  0
831  0
832  1
833  0
834  0
835  0
836  0
837  0
838  2
839  0
840  0
841  0
842  0
843  0
844  0
845  0
846  1
847  0
848  0
849  0
850  1
851  0
852  0
853  0
854  0
855  0
856  0
857  0
858  0
859  0
860  0
861  0
862  0
863  0
864  0
865  0
866  0
867  0
868  0
869  0
870  0
871  0
872  1
873  0
874  0
875  0
876  0
877  0
878  1
879  0
880  0
881  0
882  0
883  0
884  0
885  0
886  0
887  0
888  0
889  0
890  1
891  1
892  0
893  0
894  0
895  0
896  0
897  0
898  0
899  0
900  0
901  0
902  0
903  0
904  0
905  0
906  0
907  0
908  0
909  0
910  0
911  0
912  0
913  0
914  0
915  0
916  0
917  0
918  0
919  0
920  0
921  0
922  0
923  0
924  0
925  0
926  0
927  1
928  0
929  0
930  0
931  0
932  0
933  0
934  0
935  0
936  0
937  0
938  0
939  0
940  0
941  0
942  0
943  0
944  0
945  0
946  0
947  0
948  0
949  0
950  0
951  0
952  0
953  0
954  0
955  0
956  0
957  0
958  0
959  0
960  0
961  0
962  0
963  0
964  0
965  0
966  0
967  0
968  0
969  0
970  0
971  0
972  0
973  0
974  0
975  0
976  0
977  0
978  0
979  0
980  0
981  0
982  0
983  0
984  0
985  0
986  2
987  0
988  0
989  0
990  0
991  0
992  0
993  0
994  0
995  0
996  0
997  0
998  0
999  0
1000  0
1001  0
1002  0
1003  0
1004  0
1005  0
1006  0
1007  0
1008  0
1009  0
1010  0
1011  0
1012  0
1013  1
1014  1
1015  0
1016  0
1017  0
1018  0
1019  0
1020  0
1021  0
1022  0
1023  1
