0  0
1  0
2  0
3  0
4  0
5  0
6  0
7  0
8  0
9  0
10  0
11  0
12  0
13  0
14  0
15  15
16  12
17  20
18  8
19  18
20  14
21  14
22  15
23  11
24  11
25  15
26  12
27  9
28  13
29  18
30  21
31  18
32  14
33  16
34  13
35  21
36  12
37  21
38  13
39  10
40  18
41  22
42  19
43  30
44  19
45  17
46  27
47  23
48  28
49  15
50  25
51  21
52  18
53  18
54  28
55  16
56  18
57  14
58  24
59  71
60  204
61  308
62  395
63  366
64  313
65  315
66  300
67  315
68  298
69  321
70  269
71  267
72  266
73  251
74  246
75  235
76  250
77  228
78  207
79  199
80  190
81  204
82  177
83  169
84  199
85  164
86  145
87  155
88  181
89  173
90  134
91  142
92  133
93  134
94  153
95  115
96  122
97  113
98  114
99  123
100  95
101  92
102  94
103  85
104  92
105  70
106  96
107  73
108  82
109  72
110  69
111  69
112  66
113  77
114  71
115  84
116  93
117  66
118  91
119  91
120  99
121  86
122  95
123  114
124  133
125  143
126  110
127  127
128  150
129  144
130  137
131  165
132  137
133  166
134  182
135  187
136  197
137  174
138  195
139  176
140  185
141  183
142  187
143  187
144  156
145  154
146  151
147  114
148  114
149  94
150  71
151  81
152  44
153  50
154  51
155  50
156  30
157  39
158  39
159  43
160  38
161  37
162  22
163  30
164  28
165  30
166  32
167  32
168  27
169  28
170  29
171  22
172  26
173  18
174  28
175  22
176  25
177  21
178  26
179  37
180  22
181  20
182  23
183  18
184  12
185  17
186  26
187  21
188  20
189  22
190  19
191  14
192  27
193  20
194  22
195  19
196  22
197  19
198  24
199  26
200  27
201  17
202  18
203  25
204  25
205  14
206  9
207  27
208  27
209  25
210  24
211  22
212  19
213  16
214  16
215  19
216  15
217  15
218  26
219  15
220  17
221  21
222  20
223  12
224  23
225  23
226  26
227  22
228  24
229  19
230  13
231  23
232  18
233  18
234  18
235  15
236  29
237  19
238  27
239  24
240  17
241  20
242  21
243  15
244  27
245  15
246  23
247  13
248  17
249  24
250  25
251  16
252  14
253  19
254  27
255  19
256  9
257  16
258  25
259  17
260  23
261  18
262  12
263  14
264  18
265  19
266  17
267  25
268  13
269  23
270  18
271  14
272  14
273  13
274  21
275  11
276  14
277  14
278  13
279  13
280  20
281  8
282  9
283  10
284  10
285  9
286  14
287  13
288  11
289  11
290  9
291  13
292  7
293  14
294  8
295  7
296  9
297  8
298  15
299  8
300  9
301  12
302  7
303  5
304  12
305  7
306  13
307  12
308  9
309  20
310  19
311  16
312  15
313  17
314  15
315  13
316  17
317  18
318  14
319  11
320  15
321  21
322  24
323  18
324  20
325  24
326  20
327  13
328  20
329  20
330  17
331  25
332  16
333  21
334  21
335  22
336  12
337  20
338  29
339  18
340  23
341  13
342  14
343  8
344  18
345  6
346  11
347  10
348  7
349  12
350  6
351  7
352  6
353  3
354  4
355  5
356  7
357  6
358  2
359  2
360  4
361  2
362  1
363  8
364  6
365  2
366  3
367  7
368  1
369  3
370  4
371  6
372  4
373  6
374  4
375  4
376  5
377  5
378  3
379  6
380  9
381  3
382  2
383  4
384  3
385  4
386  3
387  6
388  3
389  4
390  6
391  2
392  4
393  3
394  2
395  3
396  2
397  3
398  1
399  1
400  2
401  2
402  2
403  1
404  0
405  1
406  1
407  0
408  2
409  0
410  1
411  2
412  2
413  2
414  0
415  1
416  0
417  1
418  1
419  0
420  1
421  1
422  1
423  1
424  2
425  2
426  1
427  2
428  3
429  2
430  2
431  1
432  1
433  2
434  0
435  1
436  1
437  2
438  0
439  0
440  1
441  0
442  1
443  1
444  0
445  1
446  2
447  2
448  0
449  0
450  0
451  2
452  3
453  0
454  1
455  0
456  1
457  0
458  1
459  0
460  0
461  1
462  2
463  0
464  0
465  0
466  1
467  0
468  2
469  1
470  0
471  2
472  0
473  0
474  1
475  1
476  1
477  0
478  0
479  0
480  1
481  0
482  0
483  0
484  0
485  0
486  0
487  4
488  0
489  1
490  1
491  1
492  1
493  0
494  1
495  0
496  1
497  2
498  0
499  0
500  1
501  0
502  1
503  0
504  1
505  1
506  1
507  1
508  0
509  1
510  0
511  1
512  1
513  0
514  1
515  0
516  0
517  0
518  1
519  0
520  1
521  0
522  0
523  1
524  1
525  0
526  1
527  0
528  0
529  0
530  3
531  0
532  0
533  1
534  0
535  0
536  0
537  0
538  3
539  0
540  0
541  0
542  0
543  0
544  2
545  2
546  0
547  1
548  1
549  0
550  1
551  0
552  1
553  1
554  1
555  1
556  0
557  0
558  0
559  0
560  0
561  0
562  0
563  0
564  0
565  0
566  0
567  0
568  0
569  0
570  0
571  0
572  0
573  0
574  0
575  0
576  0
577  0
578  0
579  0
580  0
581  0
582  0
583  0
584  0
585  0
586  0
587  0
588  0
589  0
590  0
591  0
592  0
593  0
594  0
595  0
596  0
597  0
598  0
599  0
600  0
601  0
602  1
603  0
604  0
605  0
606  0
607  0
608  0
609  0
610  0
611  0
612  0
613  0
614  0
615  0
616  0
617  0
618  0
619  0
620  0
621  0
622  0
623  0
624  0
625  0
626  0
627  0
628  0
629  0
630  0
631  0
632  0
633  0
634  0
635  0
636  0
637  0
638  0
639  0
640  0
641  0
642  0
643  0
644  0
645  0
646  0
647  0
648  0
649  0
650  0
651  0
652  0
653  0
654  0
655  0
656  0
657  0
658  0
659  0
660  0
661  0
662  0
663  0
664  0
665  0
666  0
667  0
668  0
669  0
670  0
671  0
672  0
673  0
674  0
675  0
676  0
677  0
678  0
679  0
680  0
681  0
682  0
683  0
684  0
685  0
686  0
687  0
688  0
689  0
690  0
691  0
692  0
693  0
694  0
695  0
696  0
697  0
698  0
699  0
700  0
701  0
702  0
703  0
704  0
705  0
706  0
707  0
708  0
709  0
710  0
711  0
712  0
713  0
714  0
715  0
716  0
717  0
718  0
719  0
720  0
721  0
722  0
723  0
724  0
725  0
726  0
727  0
728  0
729  0
730  0
731  0
732  0
733  0
734  0
735  0
736  0
737  0
738  0
739  0
740  0
741  0
742  0
743  0
744  0
745  0
746  0
747  0
748  0
749  0
750  0
751  0
752  0
753  0
754  0
755  0
756  0
757  0
758  0
759  0
760  0
761  0
762  0
763  0
764  0
765  0
766  0
767  0
768  0
769  0
770  0
771  0
772  0
773  0
774  0
775  0
776  0
777  0
778  0
779  0
780  0
781  0
782  0
783  0
784  0
785  0
786  0
787  0
788  0
789  0
790  0
791  0
792  0
793  0
794  0
795  0
796  0
797  0
798  0
799  0
800  0
801  0
802  0
803  0
804  0
805  0
806  0
807  0
808  0
809  0
810  0
811  0
812  0
813  0
814  0
815  0
816  0
817  0
818  0
819  0
820  0
821  0
822  0
823  0
824  0
825  0
826  0
827  0
828  0
829  0
830  0
831  0
832  0
833  0
834  0
835  0
836  0
837  0
838  0
839  0
840  0
841  0
842  0
843  0
844  0
845  0
846  0
847  0
848  0
849  0
850  0
851  0
852  0
853  0
854  0
855  0
856  0
857  0
858  0
859  0
860  0
861  0
862  0
863  0
864  0
865  0
866  0
867  0
868  0
869  0
870  0
871  0
872  0
873  0
874  0
875  0
876  0
877  0
878  0
879  0
880  0
881  0
882  0
883  0
884  0
885  0
886  0
887  0
888  0
889  0
890  0
891  0
892  0
893  0
894  0
895  0
896  0
897  0
898  0
899  0
900  0
901  0
902  0
903  0
904  0
905  0
906  0
907  0
908  0
909  0
910  0
911  0
912  0
913  0
914  0
915  0
916  0
917  0
918  0
919  0
920  0
921  0
922  0
923  0
924  0
925  0
926  0
927  0
928  0
929  0
930  0
931  0
932  0
933  0
934  0
935  0
936  0
937  0
938  0
939  0
940  0
941  0
942  0
943  0
944  0
945  0
946  0
947  0
948  0
949  0
950  0
951  0
952  0
953  0
954  0
955  0
956  0
957  0
958  0
959  0
960  0
961  0
962  0
963  0
964  0
965  0
966  1
967  0
968  0
969  0
970  0
971  0
972  0
973  0
974  0
975  0
976  0
977  0
978  0
979  0
980  0
981  0
982  0
983  0
984  0
985  0
986  0
987  0
988  0
989  0
990  0
991  0
992  0
993  0
994  0
995  0
996  1
997  0
998  0
999  0
1000  0
1001  0
1002  0
1003  0
1004  0
1005  0
1006  0
1007  0
1008  0
1009  0
1010  0
1011  1
1012  0
1013  0
1014  1
1015  2
1016  2
1017  1
1018  0
1019  1
1020  0
1021  0
1022  0
1023  1
