0  0
1  0
2  0
3  0
4  0
5  0
6  0
7  0
8  0
9  0
10  0
11  0
12  0
13  0
14  0
15  2
16  2
17  3
18  4
19  0
20  0
21  1
22  3
23  1
24  0
25  1
26  2
27  1
28  0
29  0
30  2
31  0
32  0
33  1
34  3
35  1
36  0
37  3
38  0
39  2
40  0
41  3
42  1
43  1
44  4
45  4
46  2
47  3
48  4
49  2
50  0
51  2
52  3
53  2
54  1
55  2
56  1
57  2
58  4
59  30
60  163
61  305
62  341
63  340
64  320
65  267
66  308
67  271
68  278
69  274
70  296
71  248
72  257
73  242
74  226
75  246
76  196
77  215
78  185
79  175
80  171
81  156
82  201
83  177
84  163
85  177
86  174
87  152
88  158
89  146
90  145
91  150
92  139
93  129
94  132
95  133
96  126
97  114
98  90
99  101
100  85
101  81
102  90
103  83
104  74
105  70
106  77
107  73
108  62
109  58
110  69
111  66
112  65
113  55
114  68
115  68
116  63
117  68
118  75
119  71
120  73
121  71
122  57
123  68
124  59
125  81
126  71
127  80
128  94
129  90
130  126
131  110
132  122
133  162
134  173
135  192
136  228
137  192
138  199
139  239
140  186
141  228
142  199
143  216
144  161
145  187
146  160
147  131
148  92
149  89
150  95
151  82
152  73
153  57
154  49
155  55
156  42
157  41
158  32
159  22
160  30
161  33
162  33
163  30
164  35
165  29
166  27
167  32
168  22
169  30
170  24
171  19
172  17
173  31
174  21
175  23
176  25
177  21
178  27
179  26
180  23
181  24
182  16
183  12
184  9
185  16
186  24
187  19
188  16
189  11
190  32
191  16
192  12
193  22
194  18
195  21
196  13
197  22
198  14
199  17
200  25
201  23
202  12
203  10
204  18
205  11
206  19
207  18
208  18
209  14
210  15
211  25
212  19
213  18
214  26
215  16
216  25
217  23
218  20
219  27
220  16
221  11
222  10
223  14
224  13
225  12
226  19
227  18
228  21
229  22
230  12
231  13
232  14
233  18
234  21
235  15
236  22
237  11
238  17
239  23
240  23
241  11
242  24
243  19
244  18
245  16
246  23
247  9
248  16
249  18
250  14
251  24
252  22
253  22
254  19
255  12
256  18
257  26
258  20
259  17
260  17
261  19
262  24
263  18
264  16
265  16
266  15
267  19
268  16
269  17
270  13
271  20
272  19
273  11
274  9
275  13
276  10
277  16
278  12
279  20
280  10
281  19
282  12
283  18
284  7
285  15
286  16
287  13
288  12
289  13
290  14
291  7
292  7
293  10
294  8
295  10
296  6
297  6
298  13
299  8
300  12
301  12
302  11
303  6
304  11
305  12
306  11
307  10
308  11
309  17
310  10
311  9
312  13
313  12
314  8
315  9
316  12
317  25
318  16
319  15
320  15
321  14
322  17
323  20
324  19
325  16
326  19
327  27
328  18
329  14
330  8
331  25
332  16
333  19
334  19
335  13
336  14
337  21
338  15
339  13
340  12
341  11
342  15
343  18
344  8
345  11
346  12
347  9
348  11
349  9
350  16
351  8
352  3
353  4
354  4
355  2
356  6
357  3
358  5
359  4
360  3
361  5
362  1
363  3
364  4
365  3
366  3
367  4
368  3
369  5
370  5
371  5
372  7
373  5
374  3
375  6
376  6
377  5
378  6
379  2
380  5
381  2
382  3
383  1
384  1
385  6
386  2
387  4
388  7
389  2
390  4
391  2
392  4
393  1
394  0
395  1
396  2
397  2
398  5
399  0
400  5
401  2
402  6
403  2
404  3
405  3
406  1
407  3
408  0
409  1
410  2
411  1
412  0
413  1
414  0
415  3
416  1
417  0
418  1
419  1
420  1
421  0
422  3
423  1
424  1
425  0
426  0
427  3
428  2
429  1
430  2
431  2
432  4
433  1
434  1
435  0
436  3
437  2
438  0
439  0
440  5
441  3
442  0
443  0
444  1
445  2
446  4
447  4
448  0
449  0
450  2
451  1
452  0
453  2
454  0
455  0
456  1
457  1
458  2
459  0
460  2
461  0
462  1
463  1
464  0
465  1
466  0
467  3
468  0
469  2
470  1
471  0
472  1
473  1
474  0
475  0
476  0
477  0
478  0
479  3
480  1
481  0
482  1
483  1
484  1
485  0
486  0
487  0
488  0
489  1
490  0
491  0
492  0
493  0
494  1
495  1
496  2
497  0
498  1
499  1
500  2
501  0
502  0
503  1
504  1
505  0
506  0
507  1
508  2
509  0
510  0
511  2
512  2
513  0
514  2
515  2
516  0
517  0
518  0
519  1
520  0
521  0
522  1
523  0
524  0
525  2
526  0
527  0
528  1
529  0
530  0
531  1
532  2
533  2
534  0
535  2
536  1
537  0
538  0
539  1
540  0
541  0
542  1
543  0
544  0
545  0
546  1
547  1
548  0
549  1
550  2
551  1
552  0
553  1
554  0
555  0
556  0
557  1
558  1
559  0
560  0
561  0
562  0
563  0
564  0
565  0
566  0
567  0
568  0
569  0
570  0
571  0
572  0
573  0
574  0
575  0
576  0
577  0
578  0
579  0
580  0
581  0
582  0
583  0
584  0
585  0
586  0
587  0
588  0
589  0
590  0
591  0
592  0
593  0
594  0
595  0
596  0
597  0
598  0
599  0
600  0
601  0
602  0
603  0
604  1
605  0
606  0
607  0
608  0
609  0
610  0
611  0
612  0
613  0
614  0
615  0
616  0
617  0
618  0
619  0
620  0
621  0
622  0
623  0
624  0
625  0
626  0
627  0
628  0
629  0
630  0
631  0
632  0
633  0
634  0
635  0
636  0
637  0
638  0
639  0
640  0
641  0
642  0
643  0
644  0
645  0
646  0
647  0
648  0
649  0
650  0
651  0
652  0
653  0
654  0
655  0
656  0
657  0
658  0
659  0
660  0
661  0
662  0
663  0
664  0
665  0
666  0
667  0
668  0
669  0
670  0
671  0
672  0
673  0
674  0
675  0
676  0
677  0
678  0
679  0
680  0
681  0
682  0
683  0
684  0
685  0
686  0
687  0
688  0
689  0
690  0
691  0
692  0
693  0
694  0
695  0
696  0
697  0
698  0
699  0
700  0
701  0
702  0
703  0
704  0
705  0
706  0
707  0
708  0
709  0
710  0
711  0
712  0
713  0
714  0
715  0
716  0
717  0
718  0
719  0
720  0
721  0
722  0
723  0
724  0
725  0
726  0
727  0
728  0
729  0
730  0
731  0
732  0
733  0
734  0
735  0
736  0
737  0
738  0
739  0
740  0
741  0
742  0
743  0
744  0
745  0
746  0
747  0
748  0
749  0
750  0
751  0
752  0
753  0
754  0
755  0
756  0
757  0
758  0
759  0
760  0
761  0
762  0
763  0
764  0
765  0
766  0
767  0
768  0
769  0
770  0
771  0
772  0
773  0
774  0
775  0
776  0
777  0
778  0
779  0
780  0
781  0
782  0
783  0
784  0
785  0
786  0
787  0
788  0
789  0
790  0
791  0
792  0
793  0
794  0
795  0
796  0
797  0
798  0
799  0
800  0
801  0
802  0
803  0
804  0
805  0
806  0
807  0
808  0
809  0
810  0
811  0
812  0
813  0
814  0
815  0
816  0
817  0
818  0
819  0
820  0
821  0
822  0
823  0
824  0
825  0
826  0
827  0
828  0
829  0
830  0
831  0
832  0
833  0
834  0
835  0
836  0
837  0
838  0
839  0
840  0
841  0
842  0
843  0
844  0
845  0
846  0
847  0
848  0
849  0
850  0
851  0
852  0
853  0
854  0
855  0
856  0
857  0
858  0
859  0
860  0
861  0
862  0
863  0
864  0
865  0
866  0
867  0
868  0
869  0
870  0
871  0
872  0
873  0
874  0
875  0
876  0
877  0
878  0
879  0
880  0
881  0
882  0
883  0
884  0
885  0
886  0
887  0
888  0
889  0
890  0
891  0
892  0
893  0
894  0
895  0
896  0
897  0
898  0
899  0
900  0
901  0
902  0
903  0
904  0
905  0
906  0
907  0
908  0
909  0
910  0
911  0
912  0
913  0
914  0
915  0
916  0
917  0
918  0
919  0
920  0
921  0
922  0
923  0
924  0
925  0
926  0
927  0
928  0
929  0
930  0
931  0
932  0
933  0
934  0
935  0
936  0
937  0
938  0
939  0
940  0
941  0
942  0
943  0
944  0
945  0
946  0
947  0
948  0
949  0
950  0
951  0
952  0
953  0
954  0
955  0
956  0
957  0
958  0
959  0
960  0
961  0
962  0
963  0
964  0
965  0
966  0
967  0
968  0
969  0
970  0
971  0
972  0
973  0
974  0
975  0
976  0
977  0
978  0
979  0
980  0
981  0
982  0
983  0
984  0
985  0
986  0
987  0
988  0
989  0
990  0
991  0
992  0
993  0
994  0
995  0
996  0
997  0
998  0
999  0
1000  0
1001  0
1002  1
1003  0
1004  1
1005  0
1006  0
1007  0
1008  0
1009  0
1010  0
1011  0
1012  0
1013  0
1014  0
1015  0
1016  0
1017  1
1018  0
1019  1
1020  2
1021  0
1022  0
1023  2
