0  0
1  0
2  0
3  0
4  0
5  0
6  0
7  0
8  0
9  0
10  0
11  0
12  0
13  0
14  0
15  6
16  10
17  6
18  7
19  3
20  9
21  11
22  7
23  7
24  11
25  12
26  10
27  5
28  8
29  9
30  7
31  7
32  6
33  10
34  7
35  7
36  7
37  6
38  15
39  11
40  9
41  9
42  9
43  9
44  8
45  8
46  5
47  10
48  10
49  7
50  7
51  15
52  20
53  12
54  9
55  7
56  6
57  11
58  9
59  10
60  13
61  7
62  10
63  13
64  9
65  7
66  10
67  11
68  9
69  5
70  7
71  11
72  14
73  12
74  7
75  9
76  1
77  59
78  343
79  469
80  468
81  494
82  472
83  402
84  372
85  409
86  416
87  392
88  383
89  379
90  322
91  330
92  342
93  344
94  321
95  320
96  289
97  289
98  273
99  285
100  243
101  248
102  263
103  239
104  220
105  217
106  193
107  178
108  205
109  171
110  193
111  182
112  185
113  151
114  172
115  153
116  151
117  177
118  155
119  148
120  141
121  128
122  146
123  140
124  113
125  139
126  132
127  136
128  171
129  149
130  156
131  162
132  168
133  226
134  238
135  246
136  266
137  257
138  272
139  326
140  352
141  362
142  408
143  412
144  413
145  413
146  383
147  436
148  378
149  354
150  375
151  339
152  304
153  273
154  275
155  223
156  226
157  212
158  196
159  190
160  136
161  143
162  117
163  136
164  121
165  101
166  111
167  91
168  76
169  89
170  80
171  81
172  80
173  71
174  80
175  49
176  73
177  57
178  66
179  68
180  44
181  57
182  44
183  54
184  63
185  57
186  52
187  50
188  51
189  47
190  50
191  50
192  42
193  51
194  40
195  49
196  40
197  43
198  59
199  41
200  51
201  46
202  45
203  42
204  43
205  54
206  48
207  57
208  38
209  47
210  36
211  41
212  58
213  52
214  52
215  51
216  42
217  38
218  44
219  33
220  39
221  43
222  51
223  49
224  43
225  38
226  43
227  40
228  46
229  50
230  40
231  39
232  41
233  53
234  30
235  39
236  33
237  36
238  35
239  38
240  41
241  40
242  44
243  43
244  45
245  55
246  43
247  40
248  36
249  53
250  28
251  40
252  38
253  44
254  37
255  33
256  52
257  28
258  40
259  40
260  33
261  39
262  34
263  46
264  45
265  36
266  25
267  35
268  32
269  40
270  37
271  39
272  35
273  25
274  35
275  35
276  45
277  30
278  21
279  37
280  28
281  36
282  35
283  36
284  37
285  36
286  23
287  26
288  33
289  31
290  37
291  26
292  25
293  26
294  17
295  24
296  24
297  26
298  22
299  27
300  24
301  14
302  17
303  26
304  16
305  19
306  22
307  22
308  36
309  26
310  25
311  22
312  26
313  30
314  30
315  20
316  24
317  38
318  25
319  25
320  34
321  34
322  34
323  55
324  35
325  42
326  44
327  39
328  48
329  40
330  40
331  41
332  49
333  42
334  47
335  41
336  49
337  37
338  31
339  48
340  36
341  48
342  43
343  41
344  35
345  35
346  41
347  32
348  27
349  38
350  28
351  36
352  40
353  20
354  28
355  26
356  28
357  29
358  24
359  23
360  24
361  19
362  22
363  20
364  22
365  17
366  22
367  15
368  16
369  13
370  10
371  13
372  17
373  12
374  19
375  10
376  13
377  14
378  18
379  15
380  12
381  18
382  21
383  13
384  24
385  11
386  9
387  24
388  6
389  14
390  13
391  10
392  11
393  16
394  6
395  7
396  15
397  16
398  5
399  7
400  13
401  10
402  6
403  11
404  4
405  6
406  8
407  4
408  9
409  5
410  9
411  5
412  7
413  8
414  7
415  6
416  4
417  2
418  7
419  8
420  5
421  7
422  5
423  5
424  0
425  2
426  4
427  8
428  2
429  2
430  2
431  11
432  8
433  1
434  5
435  5
436  5
437  4
438  3
439  4
440  5
441  3
442  6
443  3
444  5
445  4
446  1
447  6
448  2
449  1
450  2
451  4
452  3
453  5
454  4
455  5
456  4
457  5
458  7
459  7
460  4
461  5
462  2
463  5
464  3
465  4
466  3
467  5
468  4
469  5
470  1
471  3
472  2
473  3
474  2
475  1
476  2
477  6
478  5
479  2
480  0
481  4
482  5
483  3
484  3
485  3
486  4
487  3
488  1
489  1
490  3
491  2
492  0
493  1
494  0
495  3
496  8
497  3
498  2
499  1
500  1
501  2
502  2
503  3
504  0
505  4
506  1
507  2
508  3
509  2
510  1
511  2
512  0
513  1
514  2
515  2
516  2
517  1
518  2
519  3
520  0
521  0
522  4
523  3
524  1
525  3
526  4
527  0
528  3
529  0
530  1
531  1
532  0
533  2
534  2
535  2
536  2
537  2
538  2
539  2
540  0
541  2
542  0
543  2
544  2
545  5
546  2
547  2
548  1
549  1
550  1
551  0
552  2
553  3
554  1
555  1
556  3
557  3
558  1
559  4
560  3
561  1
562  3
563  0
564  2
565  0
566  0
567  1
568  2
569  1
570  3
571  0
572  1
573  3
574  1
575  1
576  5
577  0
578  1
579  0
580  1
581  3
582  0
583  1
584  1
585  2
586  0
587  2
588  1
589  1
590  1
591  2
592  2
593  1
594  2
595  1
596  2
597  2
598  0
599  1
600  2
601  0
602  0
603  2
604  1
605  2
606  1
607  2
608  0
609  1
610  0
611  0
612  1
613  0
614  0
615  1
616  3
617  2
618  1
619  0
620  1
621  2
622  0
623  0
624  1
625  1
626  3
627  2
628  1
629  1
630  1
631  2
632  4
633  1
634  0
635  1
636  0
637  2
638  1
639  3
640  1
641  0
642  0
643  2
644  2
645  1
646  1
647  1
648  2
649  1
650  2
651  5
652  2
653  0
654  0
655  0
656  1
657  1
658  2
659  0
660  1
661  1
662  2
663  0
664  0
665  1
666  0
667  2
668  1
669  1
670  1
671  0
672  3
673  2
674  1
675  1
676  1
677  0
678  0
679  0
680  1
681  0
682  2
683  0
684  3
685  1
686  2
687  0
688  1
689  1
690  1
691  1
692  1
693  0
694  0
695  1
696  0
697  0
698  1
699  1
700  1
701  2
702  1
703  0
704  1
705  1
706  1
707  1
708  1
709  0
710  0
711  0
712  1
713  0
714  1
715  0
716  3
717  1
718  0
719  1
720  0
721  3
722  0
723  1
724  0
725  0
726  0
727  0
728  0
729  0
730  0
731  1
732  0
733  0
734  1
735  0
736  0
737  0
738  0
739  0
740  0
741  0
742  1
743  1
744  0
745  0
746  0
747  0
748  1
749  0
750  1
751  0
752  0
753  1
754  0
755  0
756  0
757  1
758  0
759  0
760  0
761  0
762  0
763  0
764  0
765  0
766  0
767  1
768  0
769  0
770  0
771  0
772  0
773  0
774  0
775  0
776  0
777  0
778  1
779  0
780  0
781  0
782  0
783  0
784  1
785  1
786  0
787  0
788  0
789  0
790  0
791  0
792  0
793  0
794  0
795  0
796  0
797  1
798  0
799  0
800  0
801  1
802  0
803  0
804  0
805  0
806  0
807  0
808  0
809  0
810  0
811  0
812  1
813  1
814  0
815  0
816  1
817  0
818  0
819  0
820  0
821  0
822  0
823  0
824  0
825  0
826  0
827  0
828  1
829  0
830  0
831  0
832  0
833  0
834  0
835  0
836  1
837  0
838  1
839  0
840  0
841  0
842  0
843  0
844  0
845  0
846  0
847  0
848  0
849  0
850  0
851  0
852  0
853  1
854  1
855  2
856  0
857  0
858  0
859  0
860  0
861  0
862  0
863  0
864  0
865  0
866  0
867  0
868  0
869  0
870  0
871  0
872  0
873  0
874  0
875  0
876  0
877  0
878  0
879  0
880  0
881  0
882  0
883  0
884  0
885  0
886  0
887  0
888  0
889  0
890  0
891  0
892  0
893  0
894  0
895  0
896  0
897  0
898  0
899  0
900  0
901  0
902  0
903  0
904  0
905  0
906  0
907  0
908  0
909  0
910  0
911  0
912  0
913  0
914  0
915  0
916  0
917  0
918  0
919  0
920  0
921  0
922  0
923  0
924  0
925  1
926  0
927  0
928  0
929  0
930  0
931  0
932  0
933  0
934  0
935  0
936  0
937  0
938  0
939  0
940  0
941  0
942  0
943  0
944  0
945  0
946  0
947  0
948  0
949  0
950  0
951  0
952  0
953  0
954  0
955  0
956  0
957  0
958  0
959  0
960  0
961  0
962  0
963  0
964  0
965  0
966  0
967  0
968  0
969  0
970  0
971  0
972  0
973  0
974  0
975  0
976  0
977  0
978  0
979  0
980  0
981  0
982  0
983  0
984  0
985  0
986  0
987  0
988  0
989  0
990  0
991  0
992  0
993  0
994  0
995  0
996  0
997  0
998  0
999  0
1000  0
1001  0
1002  0
1003  0
1004  0
1005  0
1006  1
1007  0
1008  0
1009  1
1010  0
1011  0
1012  0
1013  0
1014  0
1015  0
1016  0
1017  0
1018  0
1019  0
1020  0
1021  0
1022  0
1023  0
