0  0
1  0
2  0
3  0
4  0
5  0
6  0
7  0
8  0
9  0
10  0
11  0
12  0
13  0
14  0
15  1
16  0
17  3
18  3
19  1
20  0
21  3
22  0
23  1
24  0
25  1
26  0
27  0
28  1
29  1
30  2
31  2
32  0
33  1
34  2
35  2
36  2
37  2
38  2
39  0
40  3
41  6
42  2
43  0
44  3
45  0
46  0
47  1
48  1
49  2
50  2
51  1
52  2
53  3
54  2
55  1
56  1
57  4
58  3
59  0
60  2
61  0
62  1
63  2
64  1
65  1
66  2
67  2
68  1
69  1
70  0
71  0
72  3
73  1
74  1
75  2
76  0
77  59
78  362
79  508
80  493
81  482
82  502
83  448
84  460
85  393
86  452
87  371
88  385
89  368
90  397
91  372
92  371
93  311
94  329
95  298
96  306
97  313
98  269
99  309
100  265
101  263
102  262
103  231
104  270
105  226
106  215
107  230
108  192
109  194
110  168
111  197
112  189
113  189
114  154
115  178
116  174
117  156
118  141
119  142
120  146
121  147
122  133
123  152
124  144
125  162
126  154
127  127
128  157
129  194
130  181
131  172
132  204
133  249
134  205
135  253
136  304
137  327
138  303
139  316
140  369
141  389
142  377
143  380
144  414
145  425
146  396
147  381
148  400
149  390
150  393
151  316
152  329
153  284
154  279
155  240
156  243
157  222
158  190
159  160
160  160
161  133
162  127
163  132
164  100
165  103
166  94
167  87
168  108
169  91
170  87
171  75
172  72
173  78
174  72
175  69
176  52
177  54
178  63
179  48
180  61
181  67
182  61
183  47
184  52
185  61
186  50
187  45
188  48
189  43
190  59
191  50
192  52
193  49
194  59
195  59
196  46
197  49
198  53
199  57
200  47
201  42
202  52
203  50
204  46
205  39
206  42
207  56
208  47
209  67
210  58
211  43
212  56
213  44
214  44
215  36
216  37
217  47
218  52
219  45
220  57
221  37
222  56
223  45
224  40
225  42
226  39
227  45
228  44
229  50
230  48
231  33
232  38
233  37
234  40
235  25
236  48
237  41
238  46
239  42
240  41
241  37
242  41
243  46
244  46
245  43
246  43
247  35
248  49
249  53
250  46
251  40
252  41
253  43
254  46
255  41
256  51
257  39
258  44
259  42
260  39
261  44
262  44
263  44
264  40
265  41
266  44
267  41
268  39
269  40
270  46
271  53
272  36
273  43
274  41
275  27
276  39
277  31
278  30
279  40
280  33
281  29
282  42
283  31
284  37
285  28
286  39
287  36
288  34
289  27
290  23
291  14
292  24
293  15
294  25
295  26
296  30
297  22
298  24
299  20
300  29
301  32
302  20
303  26
304  26
305  19
306  16
307  22
308  14
309  19
310  27
311  35
312  24
313  25
314  25
315  30
316  28
317  40
318  35
319  31
320  35
321  36
322  36
323  45
324  39
325  37
326  42
327  33
328  52
329  43
330  40
331  42
332  49
333  48
334  41
335  44
336  43
337  38
338  37
339  43
340  41
341  62
342  44
343  44
344  47
345  41
346  51
347  40
348  28
349  35
350  40
351  34
352  30
353  29
354  29
355  22
356  27
357  25
358  23
359  27
360  24
361  23
362  15
363  20
364  21
365  19
366  18
367  18
368  22
369  19
370  27
371  24
372  10
373  13
374  19
375  20
376  23
377  14
378  19
379  12
380  16
381  12
382  10
383  17
384  19
385  19
386  17
387  15
388  15
389  17
390  8
391  11
392  11
393  9
394  12
395  17
396  11
397  11
398  11
399  16
400  10
401  11
402  8
403  9
404  9
405  12
406  10
407  8
408  5
409  6
410  7
411  3
412  7
413  10
414  7
415  6
416  5
417  5
418  3
419  7
420  6
421  8
422  4
423  5
424  4
425  5
426  3
427  3
428  6
429  4
430  6
431  9
432  5
433  2
434  7
435  3
436  1
437  6
438  4
439  4
440  5
441  2
442  5
443  5
444  5
445  5
446  7
447  5
448  2
449  4
450  4
451  3
452  3
453  9
454  1
455  4
456  6
457  3
458  3
459  2
460  4
461  5
462  3
463  5
464  3
465  3
466  3
467  2
468  3
469  6
470  1
471  2
472  1
473  2
474  1
475  5
476  4
477  4
478  3
479  5
480  1
481  6
482  2
483  4
484  2
485  4
486  3
487  2
488  4
489  4
490  2
491  4
492  2
493  2
494  1
495  4
496  1
497  1
498  3
499  2
500  0
501  2
502  2
503  2
504  3
505  2
506  3
507  3
508  0
509  4
510  3
511  3
512  1
513  1
514  0
515  0
516  0
517  4
518  2
519  2
520  4
521  2
522  5
523  5
524  3
525  2
526  0
527  0
528  4
529  0
530  1
531  3
532  2
533  5
534  0
535  0
536  4
537  1
538  2
539  3
540  2
541  2
542  2
543  3
544  5
545  3
546  1
547  0
548  0
549  1
550  2
551  1
552  1
553  0
554  0
555  0
556  0
557  0
558  1
559  2
560  3
561  2
562  0
563  0
564  1
565  3
566  2
567  3
568  1
569  5
570  0
571  1
572  3
573  0
574  5
575  2
576  1
577  2
578  1
579  1
580  1
581  2
582  4
583  2
584  3
585  1
586  1
587  4
588  1
589  0
590  1
591  1
592  1
593  0
594  1
595  0
596  0
597  3
598  1
599  1
600  1
601  3
602  0
603  1
604  2
605  1
606  0
607  1
608  2
609  2
610  3
611  2
612  1
613  1
614  0
615  1
616  3
617  1
618  0
619  0
620  0
621  0
622  0
623  1
624  1
625  1
626  3
627  0
628  2
629  1
630  0
631  0
632  1
633  4
634  0
635  1
636  2
637  0
638  3
639  1
640  1
641  0
642  1
643  1
644  3
645  2
646  0
647  1
648  0
649  1
650  0
651  1
652  2
653  2
654  1
655  0
656  0
657  2
658  1
659  3
660  2
661  1
662  0
663  0
664  0
665  0
666  3
667  0
668  3
669  0
670  1
671  0
672  1
673  2
674  0
675  1
676  3
677  0
678  1
679  0
680  1
681  3
682  1
683  0
684  0
685  1
686  1
687  0
688  0
689  0
690  1
691  1
692  1
693  1
694  0
695  0
696  1
697  0
698  1
699  0
700  3
701  0
702  1
703  0
704  0
705  0
706  0
707  0
708  1
709  0
710  0
711  2
712  0
713  0
714  0
715  1
716  0
717  0
718  0
719  0
720  0
721  0
722  1
723  0
724  0
725  0
726  1
727  0
728  0
729  0
730  0
731  1
732  1
733  0
734  1
735  0
736  1
737  0
738  0
739  0
740  2
741  1
742  0
743  0
744  0
745  0
746  0
747  0
748  1
749  1
750  0
751  0
752  0
753  0
754  0
755  1
756  0
757  0
758  1
759  0
760  0
761  1
762  0
763  0
764  0
765  1
766  0
767  0
768  0
769  0
770  0
771  0
772  0
773  0
774  0
775  1
776  0
777  0
778  0
779  0
780  0
781  0
782  0
783  0
784  0
785  0
786  1
787  0
788  0
789  0
790  0
791  0
792  0
793  0
794  0
795  0
796  0
797  1
798  0
799  0
800  0
801  1
802  0
803  0
804  0
805  2
806  0
807  0
808  0
809  0
810  0
811  0
812  0
813  1
814  0
815  1
816  0
817  0
818  0
819  0
820  0
821  0
822  0
823  0
824  0
825  0
826  0
827  0
828  0
829  0
830  0
831  0
832  0
833  0
834  0
835  0
836  1
837  0
838  0
839  0
840  0
841  0
842  0
843  0
844  0
845  0
846  0
847  0
848  0
849  0
850  0
851  0
852  0
853  0
854  0
855  0
856  1
857  0
858  0
859  0
860  0
861  0
862  0
863  0
864  0
865  1
866  0
867  0
868  0
869  0
870  0
871  1
872  0
873  0
874  0
875  0
876  0
877  0
878  0
879  1
880  0
881  0
882  0
883  0
884  0
885  0
886  0
887  0
888  0
889  0
890  1
891  0
892  0
893  0
894  0
895  0
896  0
897  0
898  0
899  0
900  0
901  0
902  0
903  0
904  0
905  0
906  0
907  0
908  0
909  0
910  0
911  0
912  0
913  0
914  0
915  0
916  0
917  0
918  0
919  0
920  0
921  0
922  0
923  0
924  0
925  0
926  0
927  0
928  0
929  0
930  0
931  0
932  0
933  0
934  0
935  0
936  0
937  0
938  0
939  0
940  0
941  0
942  0
943  0
944  0
945  0
946  0
947  0
948  0
949  0
950  0
951  0
952  0
953  0
954  0
955  0
956  0
957  0
958  0
959  0
960  0
961  0
962  0
963  0
964  0
965  0
966  0
967  0
968  0
969  0
970  0
971  0
972  0
973  0
974  0
975  0
976  0
977  0
978  0
979  0
980  0
981  1
982  0
983  0
984  0
985  0
986  2
987  0
988  0
989  0
990  0
991  0
992  0
993  0
994  0
995  0
996  0
997  0
998  0
999  0
1000  0
1001  0
1002  0
1003  0
1004  0
1005  0
1006  0
1007  0
1008  0
1009  1
1010  0
1011  0
1012  0
1013  0
1014  0
1015  0
1016  0
1017  0
1018  0
1019  1
1020  0
1021  1
1022  0
1023  1
