0  0
1  0
2  0
3  0
4  0
5  0
6  0
7  0
8  0
9  0
10  0
11  0
12  0
13  0
14  0
15  7
16  7
17  14
18  8
19  17
20  7
21  7
22  10
23  7
24  7
25  12
26  9
27  8
28  9
29  8
30  9
31  10
32  9
33  7
34  13
35  10
36  13
37  8
38  6
39  5
40  6
41  6
42  7
43  10
44  15
45  17
46  14
47  14
48  16
49  15
50  9
51  18
52  16
53  14
54  9
55  12
56  12
57  14
58  16
59  17
60  10
61  18
62  14
63  11
64  12
65  12
66  11
67  15
68  13
69  14
70  11
71  12
72  11
73  10
74  9
75  8
76  6
77  48
78  319
79  488
80  497
81  472
82  450
83  454
84  414
85  417
86  379
87  391
88  401
89  354
90  411
91  332
92  306
93  326
94  325
95  329
96  319
97  307
98  308
99  287
100  271
101  288
102  264
103  249
104  224
105  232
106  227
107  197
108  193
109  218
110  205
111  208
112  182
113  204
114  164
115  185
116  122
117  148
118  159
119  159
120  172
121  169
122  148
123  159
124  131
125  174
126  113
127  137
128  139
129  152
130  183
131  198
132  165
133  222
134  217
135  234
136  280
137  292
138  298
139  371
140  367
141  404
142  400
143  396
144  421
145  406
146  390
147  381
148  388
149  349
150  370
151  327
152  308
153  318
154  285
155  252
156  222
157  212
158  188
159  182
160  177
161  154
162  132
163  111
164  101
165  99
166  89
167  91
168  76
169  81
170  86
171  80
172  78
173  73
174  75
175  78
176  75
177  77
178  58
179  68
180  57
181  73
182  66
183  51
184  54
185  65
186  52
187  57
188  48
189  43
190  48
191  51
192  54
193  47
194  48
195  39
196  45
197  50
198  44
199  45
200  53
201  56
202  55
203  50
204  56
205  48
206  51
207  52
208  46
209  41
210  47
211  48
212  58
213  42
214  38
215  53
216  44
217  48
218  43
219  40
220  56
221  41
222  30
223  46
224  50
225  41
226  43
227  42
228  38
229  34
230  28
231  46
232  34
233  40
234  34
235  48
236  40
237  50
238  40
239  25
240  39
241  52
242  35
243  46
244  48
245  39
246  40
247  43
248  53
249  45
250  48
251  38
252  40
253  36
254  38
255  43
256  53
257  45
258  40
259  35
260  57
261  34
262  40
263  41
264  46
265  43
266  37
267  37
268  34
269  41
270  34
271  28
272  34
273  30
274  27
275  33
276  34
277  38
278  36
279  37
280  25
281  37
282  30
283  23
284  30
285  32
286  36
287  30
288  18
289  25
290  30
291  22
292  27
293  21
294  23
295  24
296  31
297  20
298  20
299  25
300  19
301  23
302  22
303  27
304  21
305  23
306  22
307  30
308  26
309  24
310  23
311  31
312  27
313  20
314  24
315  39
316  24
317  28
318  29
319  31
320  27
321  34
322  32
323  44
324  40
325  25
326  44
327  42
328  27
329  37
330  50
331  43
332  45
333  45
334  55
335  50
336  52
337  45
338  49
339  51
340  48
341  53
342  46
343  45
344  36
345  42
346  47
347  45
348  31
349  30
350  36
351  35
352  33
353  26
354  27
355  31
356  27
357  28
358  22
359  24
360  29
361  15
362  28
363  17
364  23
365  20
366  21
367  19
368  7
369  23
370  24
371  19
372  21
373  16
374  19
375  15
376  12
377  20
378  12
379  14
380  14
381  19
382  15
383  18
384  13
385  13
386  14
387  15
388  12
389  14
390  17
391  8
392  12
393  15
394  19
395  14
396  15
397  11
398  8
399  8
400  13
401  8
402  8
403  8
404  12
405  11
406  5
407  11
408  16
409  12
410  5
411  8
412  6
413  4
414  7
415  8
416  2
417  7
418  5
419  2
420  3
421  7
422  5
423  7
424  7
425  4
426  8
427  4
428  4
429  5
430  4
431  6
432  3
433  1
434  2
435  4
436  5
437  5
438  6
439  1
440  3
441  5
442  3
443  4
444  4
445  5
446  5
447  4
448  2
449  2
450  2
451  3
452  4
453  3
454  5
455  3
456  5
457  5
458  1
459  7
460  1
461  2
462  4
463  3
464  4
465  1
466  3
467  5
468  2
469  4
470  4
471  4
472  3
473  2
474  4
475  4
476  2
477  2
478  4
479  4
480  0
481  5
482  1
483  2
484  1
485  1
486  2
487  1
488  3
489  2
490  1
491  2
492  0
493  1
494  2
495  0
496  6
497  0
498  2
499  1
500  5
501  0
502  3
503  4
504  5
505  3
506  3
507  1
508  1
509  1
510  2
511  2
512  1
513  1
514  1
515  4
516  4
517  1
518  2
519  2
520  2
521  0
522  1
523  0
524  4
525  3
526  1
527  1
528  4
529  2
530  2
531  3
532  2
533  1
534  0
535  0
536  1
537  2
538  1
539  2
540  0
541  0
542  1
543  0
544  1
545  3
546  4
547  1
548  0
549  0
550  4
551  2
552  1
553  2
554  3
555  1
556  4
557  0
558  3
559  3
560  3
561  2
562  2
563  2
564  0
565  1
566  2
567  2
568  3
569  0
570  4
571  1
572  1
573  3
574  2
575  0
576  0
577  1
578  3
579  2
580  0
581  3
582  3
583  3
584  2
585  2
586  1
587  1
588  2
589  4
590  0
591  2
592  2
593  0
594  0
595  0
596  1
597  0
598  3
599  2
600  0
601  0
602  2
603  0
604  0
605  0
606  4
607  2
608  2
609  0
610  2
611  3
612  0
613  1
614  1
615  1
616  0
617  1
618  3
619  1
620  0
621  0
622  2
623  0
624  0
625  1
626  1
627  4
628  1
629  1
630  1
631  1
632  5
633  0
634  1
635  0
636  0
637  2
638  0
639  1
640  0
641  1
642  0
643  1
644  0
645  0
646  1
647  1
648  1
649  0
650  0
651  1
652  1
653  1
654  0
655  1
656  0
657  1
658  3
659  0
660  1
661  0
662  1
663  0
664  2
665  2
666  2
667  1
668  3
669  1
670  0
671  0
672  0
673  1
674  1
675  1
676  3
677  0
678  1
679  1
680  1
681  0
682  1
683  0
684  1
685  1
686  1
687  2
688  1
689  0
690  1
691  0
692  2
693  0
694  3
695  1
696  1
697  0
698  1
699  0
700  1
701  2
702  0
703  1
704  0
705  0
706  0
707  1
708  0
709  0
710  1
711  0
712  0
713  1
714  2
715  1
716  1
717  0
718  0
719  1
720  0
721  0
722  1
723  0
724  0
725  0
726  1
727  0
728  1
729  0
730  2
731  0
732  0
733  1
734  0
735  0
736  0
737  0
738  0
739  2
740  0
741  0
742  0
743  0
744  0
745  0
746  0
747  0
748  0
749  0
750  1
751  0
752  0
753  0
754  0
755  0
756  0
757  1
758  0
759  0
760  0
761  1
762  0
763  0
764  0
765  1
766  1
767  0
768  0
769  0
770  0
771  0
772  1
773  0
774  1
775  0
776  0
777  0
778  0
779  0
780  0
781  0
782  0
783  0
784  0
785  0
786  1
787  1
788  1
789  0
790  0
791  0
792  0
793  0
794  1
795  0
796  0
797  0
798  0
799  0
800  1
801  0
802  1
803  0
804  0
805  0
806  0
807  0
808  1
809  0
810  0
811  1
812  1
813  0
814  1
815  0
816  0
817  0
818  1
819  0
820  0
821  0
822  0
823  0
824  0
825  0
826  0
827  1
828  0
829  0
830  0
831  0
832  2
833  0
834  0
835  0
836  0
837  0
838  0
839  0
840  0
841  0
842  0
843  0
844  1
845  0
846  0
847  0
848  0
849  0
850  0
851  0
852  0
853  0
854  0
855  0
856  0
857  0
858  0
859  0
860  0
861  0
862  0
863  0
864  0
865  0
866  0
867  0
868  0
869  0
870  0
871  0
872  0
873  0
874  0
875  0
876  0
877  0
878  0
879  0
880  0
881  0
882  0
883  0
884  0
885  0
886  0
887  0
888  0
889  0
890  0
891  0
892  0
893  0
894  0
895  0
896  0
897  0
898  0
899  0
900  0
901  0
902  1
903  0
904  0
905  0
906  0
907  0
908  0
909  0
910  0
911  0
912  0
913  0
914  0
915  0
916  0
917  0
918  0
919  0
920  0
921  0
922  0
923  0
924  0
925  0
926  0
927  0
928  0
929  0
930  0
931  0
932  0
933  0
934  0
935  0
936  0
937  0
938  0
939  0
940  0
941  0
942  0
943  0
944  0
945  0
946  0
947  0
948  0
949  0
950  0
951  0
952  0
953  0
954  0
955  0
956  0
957  0
958  0
959  0
960  0
961  0
962  0
963  0
964  0
965  0
966  0
967  0
968  0
969  0
970  0
971  0
972  0
973  0
974  0
975  0
976  0
977  0
978  0
979  0
980  0
981  0
982  0
983  0
984  1
985  0
986  2
987  0
988  0
989  0
990  0
991  0
992  0
993  0
994  0
995  0
996  0
997  0
998  0
999  0
1000  0
1001  0
1002  0
1003  0
1004  0
1005  1
1006  0
1007  0
1008  1
1009  0
1010  0
1011  0
1012  0
1013  0
1014  0
1015  0
1016  1
1017  1
1018  0
1019  0
1020  0
1021  1
1022  1
1023  1
