0  0
1  0
2  0
3  0
4  0
5  0
6  0
7  0
8  0
9  0
10  0
11  0
12  0
13  0
14  0
15  15
16  9
17  9
18  4
19  12
20  15
21  8
22  11
23  14
24  12
25  16
26  13
27  15
28  7
29  16
30  9
31  6
32  8
33  10
34  13
35  14
36  15
37  13
38  10
39  15
40  8
41  15
42  19
43  12
44  15
45  18
46  12
47  13
48  22
49  10
50  17
51  12
52  17
53  15
54  21
55  12
56  13
57  19
58  15
59  30
60  138
61  340
62  335
63  368
64  318
65  345
66  311
67  299
68  315
69  262
70  254
71  233
72  246
73  260
74  248
75  225
76  213
77  215
78  192
79  198
80  186
81  170
82  177
83  192
84  166
85  169
86  162
87  155
88  167
89  143
90  154
91  139
92  136
93  108
94  138
95  134
96  117
97  100
98  107
99  119
100  102
101  95
102  94
103  84
104  84
105  64
106  78
107  91
108  68
109  62
110  72
111  61
112  65
113  71
114  67
115  71
116  71
117  68
118  90
119  90
120  78
121  81
122  91
123  103
124  97
125  99
126  113
127  109
128  122
129  113
130  131
131  140
132  120
133  177
134  162
135  161
136  194
137  174
138  182
139  190
140  214
141  205
142  179
143  182
144  179
145  163
146  148
147  134
148  122
149  90
150  83
151  63
152  61
153  48
154  50
155  29
156  28
157  31
158  24
159  34
160  34
161  28
162  33
163  30
164  34
165  25
166  27
167  34
168  25
169  21
170  27
171  24
172  31
173  14
174  31
175  30
176  27
177  23
178  27
179  18
180  9
181  23
182  28
183  12
184  21
185  26
186  15
187  20
188  17
189  27
190  19
191  23
192  17
193  22
194  18
195  12
196  15
197  15
198  21
199  20
200  17
201  22
202  12
203  19
204  23
205  20
206  17
207  18
208  22
209  14
210  18
211  20
212  16
213  13
214  19
215  22
216  18
217  16
218  27
219  22
220  20
221  23
222  16
223  21
224  17
225  22
226  13
227  20
228  28
229  21
230  19
231  18
232  18
233  10
234  15
235  25
236  15
237  13
238  19
239  21
240  15
241  20
242  24
243  20
244  14
245  20
246  20
247  15
248  26
249  18
250  11
251  21
252  19
253  16
254  16
255  23
256  10
257  18
258  26
259  13
260  15
261  26
262  17
263  19
264  16
265  18
266  12
267  21
268  24
269  9
270  12
271  18
272  13
273  16
274  22
275  17
276  13
277  12
278  11
279  14
280  14
281  21
282  13
283  14
284  15
285  8
286  14
287  8
288  9
289  13
290  6
291  11
292  13
293  9
294  13
295  9
296  11
297  10
298  14
299  7
300  9
301  12
302  7
303  14
304  5
305  9
306  10
307  15
308  9
309  9
310  7
311  8
312  14
313  10
314  5
315  12
316  24
317  10
318  21
319  11
320  16
321  12
322  17
323  19
324  11
325  20
326  15
327  24
328  18
329  20
330  20
331  23
332  24
333  23
334  24
335  13
336  19
337  15
338  12
339  20
340  17
341  11
342  18
343  9
344  12
345  10
346  13
347  10
348  8
349  12
350  8
351  4
352  7
353  7
354  3
355  5
356  1
357  1
358  5
359  2
360  4
361  6
362  5
363  4
364  5
365  6
366  3
367  4
368  2
369  2
370  3
371  6
372  3
373  1
374  11
375  5
376  3
377  3
378  6
379  11
380  9
381  5
382  11
383  5
384  5
385  6
386  5
387  3
388  2
389  3
390  4
391  3
392  3
393  5
394  2
395  3
396  1
397  2
398  4
399  3
400  2
401  3
402  1
403  2
404  1
405  1
406  3
407  2
408  0
409  0
410  0
411  0
412  1
413  4
414  1
415  0
416  4
417  3
418  1
419  2
420  0
421  1
422  5
423  0
424  0
425  1
426  2
427  2
428  1
429  3
430  0
431  1
432  3
433  2
434  1
435  1
436  0
437  1
438  2
439  3
440  1
441  0
442  1
443  0
444  2
445  2
446  0
447  0
448  2
449  0
450  2
451  1
452  2
453  1
454  3
455  1
456  0
457  4
458  1
459  1
460  0
461  0
462  1
463  1
464  0
465  0
466  0
467  1
468  0
469  1
470  2
471  1
472  0
473  0
474  1
475  0
476  0
477  1
478  1
479  1
480  0
481  0
482  0
483  3
484  1
485  0
486  1
487  0
488  2
489  3
490  0
491  1
492  1
493  1
494  1
495  0
496  0
497  0
498  0
499  2
500  1
501  1
502  0
503  0
504  0
505  1
506  0
507  2
508  0
509  2
510  0
511  0
512  0
513  0
514  1
515  1
516  0
517  1
518  0
519  0
520  0
521  1
522  0
523  0
524  2
525  1
526  0
527  0
528  1
529  2
530  1
531  0
532  1
533  0
534  3
535  3
536  0
537  0
538  0
539  0
540  1
541  1
542  0
543  1
544  0
545  0
546  0
547  0
548  1
549  2
550  1
551  3
552  1
553  1
554  1
555  0
556  0
557  1
558  0
559  0
560  0
561  0
562  0
563  0
564  0
565  0
566  0
567  0
568  0
569  0
570  0
571  0
572  0
573  0
574  0
575  0
576  0
577  0
578  0
579  0
580  0
581  0
582  0
583  0
584  0
585  0
586  0
587  0
588  0
589  0
590  0
591  0
592  0
593  0
594  0
595  0
596  0
597  0
598  0
599  0
600  0
601  0
602  0
603  0
604  0
605  0
606  0
607  0
608  0
609  0
610  0
611  0
612  0
613  0
614  0
615  0
616  0
617  0
618  0
619  0
620  0
621  0
622  0
623  0
624  0
625  0
626  0
627  0
628  0
629  0
630  0
631  0
632  0
633  0
634  0
635  0
636  0
637  0
638  0
639  0
640  0
641  0
642  0
643  0
644  0
645  0
646  0
647  0
648  0
649  0
650  0
651  0
652  0
653  0
654  0
655  0
656  0
657  0
658  0
659  0
660  0
661  0
662  0
663  0
664  0
665  0
666  0
667  0
668  0
669  0
670  0
671  0
672  0
673  0
674  0
675  0
676  0
677  0
678  0
679  0
680  0
681  0
682  0
683  0
684  0
685  0
686  0
687  0
688  0
689  0
690  0
691  0
692  0
693  0
694  0
695  0
696  0
697  0
698  0
699  0
700  0
701  0
702  0
703  0
704  0
705  0
706  0
707  0
708  0
709  0
710  0
711  0
712  0
713  0
714  0
715  0
716  0
717  0
718  0
719  0
720  0
721  0
722  0
723  0
724  0
725  0
726  0
727  0
728  0
729  0
730  0
731  0
732  0
733  0
734  0
735  0
736  0
737  0
738  0
739  0
740  0
741  0
742  0
743  0
744  0
745  0
746  0
747  0
748  0
749  0
750  0
751  0
752  0
753  0
754  0
755  0
756  0
757  0
758  0
759  0
760  0
761  0
762  0
763  0
764  0
765  0
766  0
767  0
768  0
769  0
770  0
771  0
772  0
773  0
774  0
775  0
776  0
777  0
778  0
779  0
780  0
781  0
782  0
783  0
784  0
785  0
786  0
787  0
788  0
789  0
790  0
791  0
792  0
793  0
794  0
795  0
796  0
797  0
798  0
799  0
800  0
801  0
802  0
803  0
804  0
805  0
806  0
807  0
808  0
809  0
810  0
811  0
812  0
813  0
814  0
815  0
816  0
817  0
818  0
819  0
820  0
821  0
822  0
823  0
824  0
825  0
826  0
827  0
828  0
829  0
830  0
831  0
832  0
833  0
834  0
835  0
836  0
837  0
838  0
839  0
840  0
841  0
842  0
843  0
844  0
845  0
846  0
847  0
848  0
849  0
850  0
851  0
852  0
853  0
854  0
855  0
856  0
857  0
858  0
859  0
860  0
861  0
862  0
863  0
864  0
865  0
866  0
867  0
868  0
869  0
870  0
871  0
872  0
873  0
874  0
875  0
876  0
877  0
878  0
879  0
880  0
881  0
882  0
883  0
884  0
885  0
886  0
887  0
888  0
889  0
890  0
891  0
892  0
893  0
894  0
895  0
896  0
897  0
898  0
899  0
900  0
901  0
902  0
903  0
904  0
905  0
906  0
907  0
908  0
909  0
910  0
911  0
912  0
913  0
914  0
915  0
916  0
917  0
918  0
919  0
920  0
921  0
922  0
923  0
924  0
925  0
926  0
927  0
928  0
929  0
930  0
931  0
932  0
933  0
934  0
935  0
936  0
937  0
938  0
939  0
940  0
941  0
942  0
943  0
944  0
945  0
946  0
947  0
948  0
949  0
950  0
951  0
952  0
953  0
954  0
955  0
956  0
957  0
958  0
959  0
960  0
961  0
962  0
963  0
964  0
965  0
966  0
967  0
968  0
969  0
970  0
971  0
972  0
973  0
974  0
975  0
976  0
977  0
978  0
979  0
980  0
981  0
982  0
983  0
984  0
985  0
986  0
987  0
988  0
989  0
990  0
991  0
992  0
993  0
994  0
995  0
996  0
997  0
998  1
999  0
1000  0
1001  0
1002  0
1003  0
1004  1
1005  1
1006  0
1007  0
1008  0
1009  1
1010  0
1011  0
1012  0
1013  0
1014  1
1015  0
1016  0
1017  3
1018  0
1019  0
1020  1
1021  0
1022  0
1023  2
