0  0
1  0
2  0
3  0
4  0
5  0
6  0
7  0
8  0
9  0
10  0
11  0
12  0
13  0
14  0
15  0
16  2
17  2
18  2
19  1
20  1
21  1
22  0
23  2
24  1
25  0
26  2
27  0
28  0
29  1
30  2
31  2
32  0
33  0
34  4
35  2
36  3
37  0
38  1
39  0
40  1
41  4
42  4
43  0
44  1
45  4
46  4
47  4
48  3
49  3
50  2
51  0
52  4
53  4
54  2
55  3
56  0
57  3
58  3
59  17
60  111
61  162
62  162
63  164
64  176
65  181
66  155
67  144
68  141
69  148
70  136
71  131
72  154
73  122
74  138
75  115
76  102
77  89
78  94
79  84
80  105
81  73
82  85
83  83
84  90
85  91
86  90
87  81
88  71
89  70
90  76
91  63
92  71
93  70
94  61
95  60
96  64
97  68
98  63
99  54
100  40
101  52
102  43
103  51
104  51
105  44
106  37
107  29
108  41
109  34
110  37
111  38
112  41
113  49
114  34
115  42
116  21
117  32
118  30
119  41
120  35
121  34
122  33
123  40
124  47
125  34
126  39
127  45
128  49
129  60
130  53
131  78
132  72
133  75
134  91
135  112
136  107
137  116
138  114
139  110
140  126
141  107
142  104
143  110
144  102
145  94
146  78
147  73
148  58
149  45
150  39
151  33
152  35
153  15
154  14
155  18
156  20
157  18
158  10
159  24
160  15
161  24
162  19
163  19
164  13
165  15
166  9
167  14
168  13
169  14
170  22
171  22
172  16
173  16
174  8
175  12
176  15
177  15
178  16
179  8
180  12
181  11
182  10
183  14
184  12
185  7
186  18
187  6
188  11
189  6
190  9
191  3
192  12
193  8
194  14
195  17
196  13
197  11
198  11
199  9
200  8
201  7
202  6
203  12
204  6
205  15
206  8
207  9
208  3
209  10
210  10
211  5
212  15
213  10
214  7
215  7
216  9
217  9
218  8
219  11
220  7
221  12
222  8
223  13
224  7
225  6
226  14
227  2
228  13
229  4
230  12
231  9
232  11
233  11
234  10
235  7
236  11
237  7
238  7
239  10
240  9
241  10
242  8
243  11
244  17
245  11
246  12
247  10
248  4
249  7
250  9
251  13
252  6
253  16
254  4
255  10
256  6
257  7
258  7
259  10
260  6
261  7
262  4
263  9
264  9
265  9
266  7
267  5
268  17
269  8
270  9
271  6
272  10
273  13
274  4
275  9
276  2
277  12
278  9
279  10
280  6
281  9
282  7
283  6
284  12
285  2
286  4
287  9
288  5
289  4
290  8
291  3
292  5
293  4
294  3
295  4
296  5
297  7
298  4
299  6
300  3
301  4
302  3
303  5
304  6
305  3
306  2
307  8
308  8
309  3
310  7
311  11
312  7
313  7
314  8
315  7
316  4
317  13
318  8
319  7
320  8
321  8
322  9
323  9
324  9
325  8
326  12
327  13
328  10
329  11
330  7
331  9
332  10
333  5
334  8
335  6
336  9
337  11
338  14
339  8
340  4
341  7
342  4
343  7
344  7
345  4
346  8
347  5
348  3
349  3
350  3
351  2
352  0
353  2
354  3
355  1
356  4
357  0
358  3
359  4
360  0
361  0
362  3
363  5
364  3
365  6
366  1
367  4
368  2
369  3
370  5
371  1
372  2
373  3
374  3
375  3
376  3
377  3
378  2
379  2
380  3
381  2
382  4
383  0
384  2
385  5
386  1
387  3
388  1
389  0
390  0
391  0
392  1
393  0
394  1
395  2
396  2
397  3
398  0
399  3
400  1
401  0
402  0
403  0
404  0
405  1
406  2
407  1
408  0
409  1
410  3
411  3
412  1
413  2
414  0
415  1
416  2
417  0
418  0
419  1
420  0
421  0
422  1
423  0
424  1
425  0
426  1
427  1
428  0
429  0
430  2
431  1
432  0
433  1
434  0
435  0
436  0
437  2
438  1
439  1
440  1
441  1
442  0
443  1
444  0
445  0
446  0
447  0
448  1
449  1
450  1
451  0
452  1
453  3
454  1
455  0
456  0
457  0
458  0
459  0
460  1
461  0
462  3
463  0
464  0
465  0
466  2
467  0
468  1
469  0
470  0
471  1
472  0
473  2
474  0
475  0
476  0
477  3
478  1
479  0
480  0
481  0
482  0
483  1
484  1
485  1
486  1
487  0
488  0
489  0
490  0
491  1
492  0
493  0
494  0
495  0
496  0
497  0
498  1
499  1
500  0
501  0
502  1
503  0
504  0
505  0
506  1
507  0
508  0
509  0
510  0
511  0
512  1
513  0
514  0
515  0
516  0
517  0
518  0
519  1
520  0
521  0
522  0
523  0
524  0
525  0
526  1
527  1
528  0
529  1
530  0
531  1
532  0
533  0
534  0
535  1
536  0
537  0
538  0
539  0
540  1
541  0
542  0
543  1
544  1
545  0
546  0
547  0
548  0
549  0
550  0
551  1
552  0
553  0
554  1
555  0
556  0
557  0
558  0
559  0
560  0
561  0
562  0
563  0
564  0
565  0
566  0
567  0
568  0
569  0
570  0
571  0
572  0
573  0
574  0
575  0
576  0
577  0
578  0
579  0
580  0
581  0
582  0
583  0
584  0
585  0
586  0
587  0
588  0
589  0
590  0
591  0
592  0
593  0
594  0
595  0
596  0
597  0
598  0
599  0
600  1
601  0
602  0
603  0
604  0
605  0
606  0
607  0
608  0
609  0
610  0
611  0
612  0
613  0
614  0
615  0
616  0
617  0
618  0
619  0
620  0
621  0
622  0
623  0
624  0
625  0
626  0
627  0
628  0
629  0
630  0
631  0
632  0
633  0
634  0
635  0
636  0
637  0
638  0
639  0
640  0
641  0
642  0
643  0
644  0
645  0
646  0
647  0
648  0
649  0
650  0
651  0
652  0
653  0
654  0
655  0
656  0
657  0
658  0
659  0
660  0
661  0
662  0
663  0
664  0
665  0
666  0
667  0
668  0
669  0
670  0
671  0
672  0
673  0
674  0
675  0
676  0
677  0
678  0
679  0
680  0
681  0
682  0
683  0
684  0
685  0
686  0
687  0
688  0
689  0
690  0
691  0
692  0
693  0
694  0
695  0
696  0
697  0
698  0
699  0
700  0
701  0
702  0
703  0
704  0
705  0
706  0
707  0
708  0
709  0
710  0
711  0
712  0
713  0
714  0
715  0
716  0
717  0
718  0
719  0
720  0
721  0
722  0
723  0
724  0
725  0
726  0
727  0
728  0
729  0
730  0
731  0
732  0
733  0
734  0
735  0
736  0
737  0
738  0
739  0
740  0
741  0
742  0
743  0
744  0
745  0
746  0
747  0
748  0
749  0
750  0
751  0
752  0
753  0
754  0
755  0
756  0
757  0
758  0
759  0
760  0
761  0
762  0
763  0
764  0
765  0
766  0
767  0
768  0
769  0
770  0
771  0
772  0
773  0
774  0
775  0
776  0
777  0
778  0
779  0
780  0
781  0
782  0
783  0
784  0
785  0
786  0
787  0
788  0
789  0
790  0
791  0
792  0
793  0
794  0
795  0
796  0
797  0
798  0
799  0
800  0
801  0
802  0
803  0
804  0
805  0
806  0
807  0
808  0
809  0
810  0
811  0
812  0
813  0
814  0
815  0
816  0
817  0
818  0
819  0
820  0
821  0
822  0
823  0
824  0
825  0
826  0
827  0
828  0
829  0
830  0
831  0
832  0
833  0
834  0
835  0
836  0
837  0
838  0
839  0
840  0
841  0
842  0
843  0
844  0
845  0
846  0
847  0
848  0
849  0
850  0
851  0
852  0
853  0
854  0
855  0
856  0
857  0
858  0
859  0
860  0
861  0
862  0
863  0
864  0
865  0
866  0
867  0
868  0
869  0
870  0
871  0
872  0
873  0
874  0
875  0
876  0
877  0
878  0
879  0
880  0
881  0
882  0
883  0
884  0
885  0
886  0
887  0
888  0
889  0
890  0
891  0
892  0
893  0
894  0
895  0
896  0
897  0
898  0
899  0
900  0
901  0
902  0
903  0
904  0
905  0
906  0
907  0
908  0
909  0
910  0
911  0
912  0
913  0
914  0
915  0
916  0
917  0
918  0
919  0
920  0
921  0
922  0
923  0
924  0
925  0
926  0
927  0
928  0
929  0
930  0
931  0
932  0
933  0
934  0
935  0
936  0
937  0
938  0
939  0
940  0
941  0
942  0
943  0
944  0
945  0
946  0
947  0
948  0
949  0
950  0
951  0
952  0
953  0
954  0
955  0
956  0
957  0
958  0
959  0
960  0
961  0
962  0
963  0
964  0
965  0
966  0
967  0
968  0
969  0
970  0
971  0
972  0
973  0
974  0
975  0
976  0
977  0
978  0
979  0
980  0
981  0
982  0
983  0
984  0
985  0
986  0
987  0
988  0
989  0
990  0
991  0
992  0
993  0
994  0
995  0
996  0
997  0
998  0
999  0
1000  0
1001  0
1002  0
1003  0
1004  0
1005  0
1006  0
1007  0
1008  0
1009  0
1010  0
1011  0
1012  0
1013  0
1014  0
1015  1
1016  0
1017  0
1018  0
1019  0
1020  1
1021  0
1022  0
1023  0
