0  0
1  0
2  0
3  0
4  0
5  0
6  0
7  0
8  0
9  0
10  0
11  0
12  0
13  0
14  0
15  8
16  6
17  5
18  5
19  4
20  6
21  8
22  5
23  7
24  9
25  7
26  9
27  5
28  6
29  7
30  10
31  6
32  9
33  10
34  8
35  3
36  12
37  16
38  5
39  11
40  5
41  11
42  7
43  10
44  10
45  5
46  7
47  10
48  9
49  10
50  11
51  12
52  12
53  5
54  0
55  10
56  11
57  6
58  9
59  27
60  95
61  166
62  187
63  162
64  156
65  162
66  184
67  160
68  143
69  142
70  152
71  139
72  130
73  130
74  103
75  101
76  130
77  104
78  115
79  83
80  91
81  111
82  105
83  68
84  84
85  93
86  86
87  82
88  88
89  77
90  78
91  59
92  59
93  61
94  68
95  79
96  71
97  54
98  57
99  57
100  57
101  40
102  45
103  46
104  39
105  48
106  46
107  32
108  34
109  38
110  46
111  37
112  44
113  46
114  39
115  41
116  23
117  37
118  35
119  39
120  59
121  55
122  48
123  42
124  64
125  54
126  69
127  63
128  65
129  76
130  65
131  80
132  74
133  69
134  91
135  93
136  82
137  84
138  101
139  113
140  107
141  96
142  86
143  87
144  78
145  70
146  69
147  69
148  45
149  46
150  37
151  42
152  26
153  24
154  23
155  13
156  17
157  22
158  15
159  21
160  10
161  11
162  16
163  13
164  16
165  13
166  11
167  13
168  16
169  13
170  23
171  10
172  16
173  11
174  13
175  9
176  14
177  14
178  18
179  9
180  12
181  9
182  14
183  14
184  7
185  8
186  11
187  11
188  19
189  13
190  12
191  8
192  8
193  12
194  7
195  7
196  18
197  7
198  11
199  11
200  14
201  9
202  15
203  9
204  3
205  8
206  14
207  6
208  8
209  8
210  6
211  12
212  10
213  10
214  13
215  7
216  9
217  9
218  18
219  12
220  5
221  14
222  10
223  13
224  9
225  11
226  11
227  7
228  8
229  5
230  7
231  9
232  17
233  17
234  5
235  9
236  6
237  6
238  10
239  9
240  14
241  11
242  6
243  6
244  8
245  10
246  10
247  10
248  7
249  6
250  11
251  17
252  9
253  8
254  8
255  13
256  12
257  10
258  11
259  5
260  13
261  8
262  10
263  16
264  7
265  8
266  9
267  7
268  12
269  11
270  11
271  5
272  8
273  5
274  5
275  4
276  9
277  2
278  11
279  7
280  4
281  3
282  6
283  4
284  11
285  7
286  11
287  10
288  4
289  4
290  5
291  6
292  13
293  7
294  6
295  1
296  5
297  2
298  8
299  6
300  2
301  8
302  1
303  8
304  6
305  6
306  3
307  9
308  4
309  6
310  4
311  6
312  4
313  9
314  16
315  7
316  8
317  9
318  5
319  11
320  6
321  11
322  15
323  11
324  7
325  11
326  10
327  9
328  12
329  6
330  11
331  13
332  12
333  9
334  13
335  9
336  5
337  8
338  9
339  6
340  6
341  7
342  8
343  6
344  10
345  5
346  3
347  6
348  1
349  3
350  3
351  2
352  1
353  2
354  5
355  1
356  1
357  2
358  2
359  1
360  2
361  2
362  1
363  3
364  5
365  1
366  1
367  2
368  3
369  3
370  2
371  1
372  3
373  4
374  2
375  2
376  4
377  4
378  4
379  2
380  4
381  0
382  3
383  1
384  1
385  0
386  3
387  0
388  3
389  1
390  3
391  1
392  0
393  0
394  1
395  0
396  3
397  0
398  0
399  2
400  1
401  1
402  2
403  1
404  2
405  1
406  2
407  0
408  0
409  2
410  0
411  1
412  1
413  1
414  3
415  0
416  0
417  2
418  1
419  1
420  0
421  0
422  0
423  0
424  0
425  0
426  0
427  0
428  0
429  0
430  0
431  0
432  2
433  1
434  1
435  1
436  0
437  0
438  1
439  0
440  0
441  0
442  1
443  1
444  2
445  1
446  1
447  0
448  0
449  0
450  0
451  0
452  0
453  1
454  1
455  1
456  0
457  0
458  2
459  1
460  1
461  0
462  0
463  0
464  0
465  0
466  0
467  0
468  2
469  0
470  0
471  1
472  0
473  0
474  0
475  0
476  0
477  0
478  0
479  1
480  0
481  1
482  1
483  0
484  0
485  0
486  0
487  0
488  0
489  0
490  2
491  2
492  0
493  0
494  0
495  0
496  0
497  0
498  0
499  0
500  0
501  0
502  1
503  0
504  0
505  0
506  0
507  1
508  1
509  0
510  1
511  0
512  0
513  1
514  0
515  0
516  0
517  0
518  0
519  0
520  0
521  0
522  0
523  0
524  0
525  0
526  0
527  1
528  0
529  1
530  0
531  1
532  0
533  1
534  0
535  0
536  0
537  0
538  1
539  0
540  1
541  0
542  0
543  0
544  1
545  1
546  0
547  0
548  0
549  0
550  0
551  0
552  1
553  0
554  0
555  0
556  0
557  0
558  0
559  0
560  0
561  0
562  0
563  0
564  0
565  0
566  0
567  0
568  0
569  0
570  0
571  0
572  0
573  0
574  0
575  0
576  0
577  0
578  0
579  0
580  0
581  0
582  0
583  0
584  0
585  0
586  0
587  0
588  0
589  0
590  0
591  0
592  0
593  0
594  0
595  0
596  0
597  0
598  0
599  0
600  0
601  0
602  0
603  0
604  0
605  0
606  0
607  0
608  0
609  0
610  0
611  0
612  0
613  0
614  0
615  0
616  0
617  0
618  0
619  0
620  0
621  0
622  0
623  0
624  0
625  0
626  0
627  0
628  0
629  0
630  0
631  0
632  0
633  0
634  0
635  0
636  0
637  0
638  0
639  0
640  0
641  0
642  0
643  0
644  0
645  0
646  0
647  0
648  0
649  0
650  0
651  0
652  0
653  0
654  0
655  0
656  0
657  0
658  0
659  0
660  0
661  0
662  0
663  0
664  0
665  0
666  0
667  0
668  0
669  0
670  0
671  0
672  0
673  0
674  0
675  0
676  0
677  0
678  0
679  0
680  0
681  0
682  0
683  0
684  0
685  0
686  0
687  0
688  0
689  0
690  0
691  0
692  0
693  0
694  0
695  0
696  0
697  0
698  0
699  0
700  0
701  0
702  0
703  0
704  0
705  0
706  0
707  0
708  0
709  0
710  0
711  0
712  0
713  0
714  0
715  0
716  0
717  0
718  0
719  0
720  0
721  0
722  0
723  0
724  0
725  0
726  0
727  0
728  0
729  0
730  0
731  0
732  0
733  0
734  0
735  0
736  0
737  0
738  0
739  0
740  0
741  0
742  0
743  0
744  0
745  0
746  0
747  0
748  0
749  0
750  0
751  0
752  0
753  0
754  0
755  0
756  0
757  0
758  0
759  0
760  0
761  0
762  0
763  0
764  0
765  0
766  0
767  0
768  0
769  0
770  0
771  0
772  0
773  0
774  0
775  0
776  0
777  0
778  0
779  0
780  0
781  0
782  0
783  0
784  0
785  0
786  0
787  0
788  0
789  0
790  0
791  0
792  0
793  0
794  0
795  0
796  0
797  0
798  0
799  0
800  0
801  0
802  0
803  0
804  0
805  0
806  0
807  0
808  0
809  0
810  0
811  0
812  0
813  0
814  0
815  0
816  0
817  0
818  0
819  0
820  0
821  0
822  0
823  0
824  0
825  0
826  0
827  0
828  0
829  0
830  0
831  0
832  0
833  0
834  0
835  0
836  0
837  0
838  0
839  0
840  0
841  0
842  0
843  0
844  0
845  0
846  0
847  0
848  0
849  0
850  0
851  0
852  0
853  0
854  0
855  0
856  0
857  0
858  0
859  0
860  0
861  0
862  0
863  0
864  0
865  0
866  0
867  0
868  0
869  0
870  0
871  0
872  0
873  0
874  0
875  0
876  0
877  0
878  0
879  0
880  0
881  0
882  0
883  0
884  0
885  0
886  0
887  0
888  0
889  0
890  0
891  0
892  0
893  0
894  0
895  0
896  0
897  0
898  0
899  0
900  0
901  0
902  0
903  0
904  0
905  0
906  0
907  0
908  0
909  0
910  0
911  0
912  0
913  0
914  0
915  0
916  0
917  0
918  0
919  0
920  0
921  0
922  0
923  0
924  0
925  0
926  0
927  0
928  0
929  0
930  0
931  0
932  0
933  0
934  0
935  0
936  0
937  0
938  0
939  0
940  0
941  0
942  0
943  0
944  0
945  0
946  0
947  0
948  0
949  0
950  0
951  0
952  0
953  0
954  0
955  0
956  0
957  0
958  0
959  0
960  0
961  0
962  0
963  0
964  0
965  0
966  0
967  0
968  0
969  0
970  0
971  0
972  0
973  0
974  0
975  0
976  0
977  0
978  0
979  0
980  0
981  0
982  0
983  0
984  0
985  0
986  0
987  0
988  0
989  0
990  0
991  0
992  0
993  0
994  0
995  1
996  0
997  0
998  0
999  0
1000  0
1001  0
1002  0
1003  0
1004  0
1005  0
1006  0
1007  0
1008  0
1009  1
1010  0
1011  0
1012  0
1013  0
1014  0
1015  0
1016  0
1017  0
1018  0
1019  0
1020  0
1021  0
1022  0
1023  3
