0  0
1  0
2  0
3  0
4  0
5  0
6  0
7  0
8  0
9  0
10  0
11  0
12  0
13  0
14  0
15  1
16  1
17  0
18  0
19  0
20  3
21  0
22  0
23  0
24  2
25  0
26  0
27  3
28  0
29  0
30  1
31  0
32  1
33  1
34  2
35  0
36  2
37  2
38  0
39  0
40  4
41  0
42  0
43  0
44  0
45  1
46  0
47  1
48  0
49  1
50  1
51  1
52  0
53  2
54  1
55  3
56  0
57  2
58  1
59  1
60  1
61  0
62  0
63  2
64  2
65  3
66  1
67  0
68  0
69  0
70  0
71  1
72  0
73  0
74  0
75  0
76  1
77  47
78  174
79  229
80  202
81  227
82  211
83  202
84  181
85  188
86  175
87  203
88  190
89  171
90  176
91  155
92  151
93  149
94  153
95  181
96  149
97  161
98  136
99  141
100  127
101  118
102  118
103  146
104  119
105  127
106  114
107  149
108  114
109  112
110  105
111  145
112  119
113  103
114  113
115  116
116  89
117  104
118  113
119  93
120  93
121  109
122  105
123  91
124  85
125  95
126  77
127  75
128  76
129  73
130  88
131  76
132  65
133  79
134  64
135  64
136  71
137  58
138  57
139  58
140  53
141  51
142  55
143  62
144  44
145  43
146  42
147  58
148  45
149  35
150  40
151  34
152  30
153  44
154  38
155  36
156  56
157  35
158  33
159  40
160  40
161  52
162  43
163  45
164  59
165  55
166  49
167  81
168  73
169  75
170  83
171  99
172  112
173  122
174  121
175  137
176  133
177  145
178  154
179  150
180  159
181  162
182  159
183  167
184  173
185  179
186  190
187  167
188  132
189  133
190  149
191  132
192  112
193  101
194  100
195  101
196  72
197  68
198  59
199  62
200  51
201  59
202  46
203  41
204  41
205  38
206  39
207  21
208  32
209  23
210  24
211  16
212  16
213  13
214  17
215  15
216  18
217  11
218  15
219  12
220  8
221  15
222  17
223  16
224  16
225  12
226  11
227  14
228  7
229  8
230  10
231  7
232  10
233  7
234  11
235  9
236  7
237  17
238  16
239  9
240  16
241  14
242  14
243  6
244  11
245  9
246  10
247  5
248  11
249  13
250  11
251  15
252  7
253  9
254  8
255  10
256  14
257  6
258  10
259  7
260  9
261  10
262  6
263  11
264  8
265  6
266  6
267  7
268  14
269  13
270  10
271  3
272  8
273  7
274  6
275  9
276  11
277  3
278  11
279  4
280  7
281  9
282  7
283  9
284  6
285  6
286  6
287  5
288  14
289  8
290  9
291  6
292  5
293  12
294  7
295  12
296  10
297  8
298  9
299  7
300  8
301  11
302  6
303  9
304  8
305  9
306  4
307  11
308  5
309  6
310  10
311  4
312  8
313  6
314  7
315  9
316  5
317  8
318  11
319  11
320  7
321  5
322  3
323  2
324  7
325  3
326  9
327  6
328  6
329  6
330  6
331  3
332  3
333  6
334  4
335  4
336  4
337  4
338  5
339  2
340  3
341  4
342  7
343  7
344  0
345  4
346  4
347  2
348  4
349  3
350  7
351  8
352  8
353  4
354  8
355  3
356  5
357  5
358  6
359  5
360  6
361  3
362  1
363  6
364  8
365  6
366  6
367  2
368  13
369  11
370  11
371  7
372  6
373  4
374  5
375  3
376  13
377  7
378  7
379  6
380  7
381  7
382  5
383  4
384  5
385  6
386  6
387  11
388  6
389  6
390  8
391  5
392  7
393  4
394  1
395  4
396  5
397  8
398  6
399  7
400  6
401  2
402  4
403  4
404  5
405  3
406  6
407  6
408  4
409  7
410  4
411  2
412  7
413  3
414  2
415  6
416  1
417  2
418  2
419  2
420  2
421  2
422  1
423  4
424  2
425  1
426  0
427  5
428  0
429  1
430  2
431  1
432  2
433  6
434  1
435  3
436  2
437  3
438  2
439  1
440  1
441  1
442  0
443  2
444  1
445  3
446  0
447  3
448  4
449  1
450  4
451  0
452  0
453  3
454  0
455  2
456  2
457  0
458  4
459  0
460  4
461  1
462  2
463  0
464  2
465  1
466  4
467  4
468  2
469  1
470  4
471  2
472  0
473  1
474  2
475  1
476  0
477  1
478  1
479  0
480  0
481  0
482  1
483  1
484  0
485  1
486  1
487  0
488  0
489  0
490  2
491  2
492  0
493  0
494  0
495  0
496  1
497  1
498  2
499  2
500  0
501  0
502  1
503  1
504  1
505  1
506  0
507  2
508  2
509  2
510  0
511  0
512  2
513  2
514  2
515  0
516  0
517  0
518  0
519  1
520  0
521  0
522  1
523  0
524  0
525  2
526  1
527  1
528  1
529  2
530  0
531  1
532  3
533  0
534  2
535  0
536  1
537  1
538  2
539  1
540  0
541  2
542  1
543  0
544  2
545  0
546  1
547  0
548  1
549  1
550  1
551  1
552  1
553  2
554  1
555  0
556  0
557  1
558  0
559  2
560  1
561  0
562  2
563  0
564  1
565  1
566  0
567  0
568  0
569  2
570  0
571  1
572  1
573  1
574  1
575  2
576  1
577  0
578  2
579  2
580  1
581  0
582  0
583  0
584  0
585  0
586  0
587  0
588  1
589  0
590  1
591  0
592  0
593  1
594  0
595  0
596  1
597  1
598  0
599  0
600  1
601  2
602  1
603  0
604  1
605  2
606  0
607  0
608  0
609  2
610  1
611  1
612  0
613  1
614  1
615  0
616  0
617  1
618  0
619  0
620  0
621  1
622  0
623  0
624  0
625  2
626  0
627  1
628  0
629  0
630  0
631  1
632  0
633  2
634  0
635  0
636  0
637  0
638  3
639  0
640  1
641  1
642  0
643  1
644  0
645  0
646  0
647  0
648  0
649  0
650  1
651  1
652  0
653  0
654  0
655  1
656  1
657  0
658  1
659  1
660  1
661  0
662  0
663  0
664  1
665  2
666  0
667  0
668  1
669  0
670  1
671  0
672  2
673  0
674  0
675  0
676  1
677  1
678  0
679  0
680  0
681  0
682  1
683  0
684  0
685  1
686  0
687  1
688  0
689  0
690  1
691  0
692  0
693  0
694  0
695  0
696  0
697  1
698  0
699  0
700  0
701  0
702  0
703  0
704  0
705  0
706  0
707  0
708  0
709  0
710  0
711  0
712  0
713  0
714  0
715  0
716  0
717  0
718  0
719  0
720  0
721  1
722  0
723  1
724  0
725  0
726  0
727  0
728  0
729  0
730  0
731  0
732  0
733  0
734  0
735  0
736  0
737  0
738  0
739  0
740  0
741  1
742  0
743  0
744  0
745  0
746  0
747  0
748  0
749  0
750  0
751  0
752  0
753  0
754  0
755  0
756  0
757  0
758  0
759  0
760  1
761  0
762  0
763  0
764  0
765  0
766  0
767  0
768  0
769  0
770  0
771  0
772  0
773  0
774  0
775  0
776  0
777  0
778  0
779  0
780  0
781  0
782  1
783  0
784  0
785  0
786  0
787  0
788  0
789  0
790  0
791  0
792  0
793  0
794  0
795  0
796  0
797  0
798  0
799  0
800  0
801  0
802  1
803  0
804  0
805  1
806  0
807  0
808  0
809  0
810  0
811  0
812  0
813  0
814  0
815  0
816  0
817  0
818  0
819  0
820  0
821  0
822  0
823  0
824  0
825  0
826  0
827  0
828  0
829  0
830  0
831  0
832  1
833  0
834  0
835  1
836  0
837  0
838  0
839  0
840  0
841  0
842  0
843  0
844  0
845  0
846  0
847  0
848  0
849  0
850  0
851  0
852  0
853  0
854  0
855  0
856  0
857  0
858  0
859  0
860  0
861  0
862  0
863  0
864  0
865  0
866  0
867  0
868  0
869  0
870  0
871  0
872  0
873  0
874  0
875  0
876  0
877  0
878  0
879  1
880  0
881  0
882  0
883  0
884  0
885  0
886  0
887  0
888  0
889  0
890  0
891  0
892  0
893  0
894  0
895  0
896  0
897  0
898  0
899  0
900  0
901  0
902  0
903  0
904  0
905  0
906  0
907  0
908  0
909  0
910  0
911  0
912  0
913  0
914  0
915  0
916  0
917  0
918  0
919  0
920  0
921  0
922  0
923  0
924  0
925  0
926  0
927  0
928  0
929  0
930  0
931  0
932  0
933  0
934  0
935  0
936  0
937  0
938  0
939  0
940  0
941  0
942  0
943  0
944  0
945  0
946  0
947  0
948  0
949  0
950  0
951  0
952  0
953  0
954  0
955  0
956  0
957  0
958  0
959  0
960  0
961  0
962  0
963  0
964  0
965  0
966  0
967  0
968  0
969  0
970  0
971  0
972  0
973  0
974  0
975  0
976  0
977  0
978  0
979  0
980  0
981  0
982  0
983  0
984  0
985  0
986  0
987  0
988  0
989  0
990  1
991  0
992  1
993  0
994  0
995  0
996  0
997  0
998  0
999  0
1000  0
1001  0
1002  0
1003  0
1004  0
1005  0
1006  0
1007  0
1008  0
1009  1
1010  0
1011  0
1012  1
1013  0
1014  0
1015  0
1016  1
1017  0
1018  0
1019  0
1020  0
1021  0
1022  0
1023  0
