0  0
1  0
2  0
3  0
4  0
5  0
6  0
7  0
8  0
9  0
10  0
11  0
12  0
13  0
14  0
15  20
16  30
17  27
18  30
19  26
20  23
21  22
22  25
23  25
24  29
25  28
26  18
27  35
28  28
29  18
30  17
31  37
32  27
33  24
34  30
35  26
36  25
37  27
38  30
39  48
40  37
41  32
42  33
43  23
44  42
45  33
46  36
47  41
48  39
49  35
50  32
51  27
52  33
53  31
54  31
55  42
56  40
57  38
58  31
59  36
60  38
61  42
62  37
63  37
64  30
65  36
66  30
67  35
68  30
69  30
70  44
71  39
72  36
73  31
74  27
75  24
76  10
77  82
78  356
79  454
80  441
81  424
82  442
83  406
84  423
85  428
86  376
87  357
88  421
89  384
90  357
91  365
92  319
93  330
94  343
95  324
96  325
97  310
98  303
99  297
100  268
101  268
102  252
103  219
104  234
105  217
106  197
107  202
108  189
109  208
110  194
111  145
112  144
113  163
114  166
115  144
116  134
117  148
118  137
119  148
120  110
121  151
122  143
123  167
124  143
125  168
126  165
127  172
128  189
129  219
130  234
131  246
132  302
133  394
134  434
135  456
136  520
137  561
138  596
139  697
140  649
141  710
142  789
143  803
144  827
145  898
146  842
147  778
148  832
149  755
150  737
151  682
152  612
153  584
154  529
155  461
156  386
157  373
158  329
159  255
160  253
161  194
162  183
163  162
164  139
165  148
166  108
167  97
168  93
169  93
170  66
171  83
172  58
173  63
174  64
175  83
176  61
177  65
178  60
179  71
180  68
181  80
182  51
183  65
184  73
185  58
186  63
187  61
188  59
189  69
190  79
191  57
192  54
193  75
194  73
195  46
196  65
197  59
198  46
199  62
200  44
201  50
202  53
203  57
204  63
205  60
206  56
207  61
208  54
209  51
210  54
211  63
212  38
213  50
214  64
215  51
216  46
217  48
218  57
219  66
220  55
221  54
222  44
223  56
224  55
225  54
226  56
227  51
228  43
229  55
230  41
231  41
232  54
233  52
234  67
235  55
236  52
237  70
238  54
239  62
240  52
241  56
242  64
243  54
244  59
245  64
246  65
247  70
248  45
249  60
250  61
251  53
252  53
253  58
254  69
255  57
256  60
257  60
258  75
259  59
260  54
261  61
262  58
263  63
264  57
265  55
266  61
267  47
268  61
269  54
270  49
271  46
272  51
273  64
274  47
275  48
276  32
277  50
278  47
279  45
280  52
281  48
282  35
283  37
284  32
285  31
286  43
287  33
288  30
289  34
290  22
291  31
292  22
293  31
294  37
295  30
296  32
297  26
298  34
299  19
300  19
301  27
302  16
303  29
304  19
305  23
306  14
307  29
308  23
309  28
310  18
311  32
312  26
313  34
314  33
315  39
316  36
317  37
318  46
319  43
320  57
321  46
322  47
323  70
324  69
325  80
326  74
327  76
328  91
329  83
330  81
331  98
332  78
333  94
334  103
335  89
336  82
337  75
338  85
339  88
340  83
341  72
342  89
343  76
344  84
345  70
346  67
347  58
348  75
349  60
350  52
351  53
352  49
353  51
354  53
355  53
356  50
357  29
358  32
359  30
360  34
361  29
362  35
363  27
364  24
365  34
366  20
367  17
368  14
369  21
370  21
371  20
372  16
373  20
374  12
375  27
376  20
377  19
378  5
379  22
380  10
381  15
382  17
383  12
384  7
385  10
386  10
387  18
388  11
389  5
390  6
391  11
392  6
393  7
394  8
395  7
396  7
397  6
398  9
399  8
400  9
401  7
402  7
403  4
404  3
405  5
406  8
407  7
408  5
409  7
410  6
411  5
412  4
413  3
414  2
415  4
416  5
417  3
418  6
419  4
420  3
421  2
422  8
423  5
424  2
425  4
426  1
427  3
428  3
429  3
430  5
431  1
432  2
433  4
434  3
435  4
436  0
437  1
438  3
439  3
440  0
441  1
442  1
443  1
444  4
445  3
446  5
447  5
448  1
449  6
450  2
451  0
452  2
453  0
454  1
455  4
456  5
457  1
458  1
459  4
460  4
461  2
462  1
463  1
464  4
465  3
466  6
467  5
468  3
469  2
470  3
471  3
472  3
473  3
474  3
475  2
476  2
477  2
478  3
479  4
480  3
481  4
482  2
483  2
484  3
485  2
486  1
487  6
488  7
489  2
490  1
491  0
492  2
493  1
494  2
495  4
496  4
497  2
498  2
499  0
500  0
501  1
502  2
503  3
504  0
505  1
506  0
507  0
508  2
509  0
510  0
511  0
512  0
513  1
514  1
515  1
516  0
517  0
518  2
519  1
520  1
521  1
522  2
523  1
524  1
525  0
526  1
527  1
528  2
529  0
530  4
531  0
532  1
533  0
534  2
535  1
536  0
537  0
538  0
539  1
540  2
541  2
542  2
543  0
544  1
545  0
546  3
547  1
548  1
549  0
550  2
551  0
552  1
553  3
554  0
555  0
556  0
557  0
558  1
559  1
560  0
561  1
562  1
563  0
564  2
565  0
566  0
567  0
568  0
569  0
570  1
571  2
572  0
573  1
574  1
575  0
576  2
577  0
578  2
579  1
580  0
581  0
582  0
583  1
584  1
585  1
586  0
587  0
588  1
589  0
590  0
591  0
592  2
593  1
594  0
595  1
596  0
597  2
598  0
599  2
600  0
601  0
602  1
603  1
604  0
605  1
606  0
607  1
608  2
609  1
610  1
611  0
612  2
613  0
614  1
615  0
616  0
617  0
618  0
619  0
620  2
621  0
622  0
623  1
624  0
625  0
626  0
627  0
628  0
629  0
630  0
631  0
632  0
633  0
634  0
635  2
636  0
637  0
638  2
639  2
640  1
641  0
642  1
643  0
644  0
645  0
646  0
647  0
648  0
649  0
650  2
651  0
652  0
653  0
654  0
655  0
656  1
657  0
658  0
659  0
660  0
661  0
662  1
663  2
664  0
665  1
666  2
667  2
668  1
669  0
670  0
671  1
672  0
673  1
674  1
675  0
676  1
677  0
678  0
679  0
680  1
681  0
682  2
683  0
684  0
685  1
686  2
687  0
688  0
689  0
690  0
691  1
692  1
693  0
694  0
695  0
696  0
697  1
698  1
699  0
700  0
701  0
702  0
703  0
704  0
705  0
706  1
707  0
708  0
709  1
710  1
711  0
712  1
713  0
714  0
715  0
716  0
717  1
718  0
719  0
720  0
721  0
722  1
723  0
724  0
725  0
726  0
727  0
728  0
729  0
730  0
731  0
732  1
733  0
734  0
735  1
736  0
737  0
738  0
739  0
740  0
741  0
742  0
743  0
744  0
745  0
746  2
747  1
748  0
749  1
750  0
751  0
752  0
753  0
754  0
755  0
756  0
757  0
758  0
759  0
760  0
761  0
762  0
763  0
764  0
765  0
766  0
767  0
768  0
769  1
770  0
771  0
772  0
773  0
774  0
775  0
776  0
777  0
778  0
779  0
780  0
781  0
782  0
783  0
784  0
785  0
786  0
787  1
788  0
789  0
790  0
791  0
792  0
793  0
794  0
795  0
796  0
797  0
798  0
799  0
800  0
801  1
802  0
803  0
804  0
805  0
806  0
807  0
808  0
809  0
810  0
811  0
812  0
813  0
814  0
815  0
816  0
817  0
818  2
819  0
820  0
821  0
822  0
823  0
824  0
825  0
826  1
827  0
828  0
829  0
830  0
831  0
832  0
833  0
834  0
835  0
836  0
837  0
838  0
839  0
840  0
841  0
842  1
843  0
844  0
845  0
846  0
847  0
848  0
849  0
850  0
851  0
852  1
853  0
854  0
855  0
856  0
857  0
858  0
859  0
860  0
861  0
862  0
863  1
864  0
865  0
866  0
867  0
868  0
869  0
870  0
871  0
872  0
873  0
874  0
875  0
876  0
877  0
878  1
879  0
880  0
881  0
882  0
883  0
884  0
885  0
886  0
887  0
888  0
889  0
890  0
891  0
892  0
893  0
894  0
895  0
896  0
897  0
898  0
899  0
900  0
901  0
902  0
903  0
904  0
905  0
906  0
907  0
908  0
909  0
910  0
911  0
912  0
913  0
914  0
915  0
916  0
917  0
918  0
919  0
920  0
921  0
922  0
923  0
924  0
925  0
926  0
927  0
928  0
929  0
930  0
931  0
932  0
933  0
934  0
935  0
936  0
937  0
938  0
939  0
940  0
941  0
942  0
943  0
944  0
945  0
946  0
947  0
948  0
949  0
950  0
951  0
952  0
953  0
954  0
955  0
956  0
957  0
958  0
959  0
960  0
961  0
962  0
963  0
964  0
965  0
966  0
967  0
968  0
969  0
970  0
971  0
972  0
973  0
974  0
975  0
976  0
977  0
978  0
979  0
980  0
981  0
982  0
983  0
984  0
985  0
986  0
987  0
988  0
989  0
990  0
991  0
992  1
993  0
994  0
995  0
996  0
997  0
998  0
999  0
1000  0
1001  0
1002  0
1003  0
1004  0
1005  0
1006  0
1007  0
1008  0
1009  1
1010  0
1011  1
1012  1
1013  1
1014  0
1015  1
1016  1
1017  1
1018  0
1019  1
1020  1
1021  0
1022  1
1023  0
