0  0
1  0
2  0
3  0
4  0
5  0
6  0
7  0
8  0
9  0
10  0
11  0
12  0
13  0
14  0
15  35
16  41
17  55
18  46
19  40
20  30
21  44
22  46
23  35
24  41
25  37
26  38
27  32
28  39
29  32
30  43
31  41
32  46
33  45
34  46
35  44
36  41
37  46
38  39
39  43
40  48
41  46
42  53
43  36
44  43
45  47
46  47
47  53
48  43
49  48
50  66
51  58
52  60
53  56
54  57
55  50
56  45
57  38
58  48
59  48
60  57
61  70
62  208
63  320
64  328
65  340
66  268
67  298
68  291
69  283
70  279
71  269
72  265
73  261
74  230
75  250
76  265
77  210
78  207
79  228
80  189
81  230
82  215
83  187
84  193
85  201
86  187
87  197
88  162
89  181
90  165
91  149
92  175
93  167
94  165
95  142
96  133
97  169
98  139
99  131
100  123
101  141
102  111
103  104
104  112
105  79
106  95
107  79
108  94
109  72
110  88
111  87
112  70
113  72
114  79
115  79
116  79
117  93
118  82
119  83
120  98
121  86
122  111
123  103
124  107
125  132
126  124
127  132
128  172
129  180
130  211
131  225
132  204
133  262
134  226
135  242
136  244
137  249
138  266
139  260
140  296
141  282
142  257
143  278
144  281
145  304
146  324
147  296
148  274
149  262
150  267
151  305
152  270
153  274
154  232
155  212
156  168
157  132
158  130
159  112
160  120
161  82
162  73
163  64
164  48
165  35
166  30
167  40
168  33
169  30
170  41
171  22
172  21
173  28
174  35
175  33
176  29
177  22
178  24
179  39
180  28
181  33
182  26
183  25
184  17
185  28
186  29
187  19
188  24
189  30
190  34
191  27
192  26
193  21
194  33
195  21
196  22
197  31
198  30
199  26
200  21
201  26
202  18
203  36
204  33
205  23
206  32
207  23
208  23
209  25
210  30
211  23
212  26
213  23
214  34
215  29
216  20
217  15
218  28
219  14
220  28
221  35
222  20
223  27
224  25
225  28
226  32
227  27
228  23
229  26
230  23
231  23
232  19
233  23
234  23
235  29
236  27
237  28
238  25
239  25
240  17
241  20
242  27
243  24
244  25
245  23
246  22
247  28
248  24
249  21
250  23
251  26
252  20
253  24
254  18
255  34
256  24
257  29
258  25
259  22
260  30
261  25
262  24
263  25
264  32
265  14
266  30
267  30
268  16
269  29
270  23
271  33
272  24
273  28
274  42
275  24
276  23
277  21
278  27
279  18
280  28
281  18
282  28
283  10
284  21
285  29
286  25
287  22
288  19
289  25
290  17
291  31
292  16
293  24
294  16
295  19
296  22
297  24
298  13
299  19
300  9
301  14
302  14
303  12
304  13
305  18
306  15
307  15
308  7
309  7
310  14
311  11
312  15
313  9
314  14
315  20
316  14
317  10
318  8
319  13
320  14
321  6
322  12
323  12
324  6
325  19
326  12
327  10
328  16
329  11
330  12
331  9
332  19
333  17
334  18
335  20
336  26
337  25
338  23
339  21
340  26
341  26
342  24
343  35
344  29
345  34
346  34
347  33
348  26
349  36
350  38
351  40
352  28
353  28
354  50
355  31
356  31
357  31
358  32
359  31
360  31
361  22
362  30
363  29
364  22
365  12
366  17
367  11
368  21
369  20
370  18
371  8
372  7
373  2
374  9
375  10
376  7
377  7
378  7
379  6
380  4
381  3
382  6
383  4
384  4
385  4
386  2
387  1
388  3
389  2
390  2
391  2
392  0
393  5
394  3
395  4
396  5
397  2
398  3
399  3
400  1
401  3
402  1
403  2
404  4
405  3
406  1
407  3
408  0
409  0
410  4
411  5
412  1
413  2
414  3
415  1
416  0
417  1
418  1
419  2
420  2
421  4
422  0
423  3
424  0
425  1
426  1
427  2
428  0
429  3
430  0
431  0
432  4
433  1
434  2
435  1
436  1
437  1
438  0
439  0
440  0
441  2
442  0
443  0
444  0
445  1
446  0
447  0
448  0
449  0
450  0
451  2
452  1
453  0
454  1
455  0
456  1
457  1
458  0
459  2
460  1
461  0
462  1
463  0
464  0
465  0
466  1
467  2
468  0
469  0
470  2
471  0
472  0
473  0
474  0
475  0
476  0
477  1
478  0
479  0
480  1
481  2
482  2
483  0
484  0
485  0
486  0
487  0
488  1
489  0
490  0
491  0
492  1
493  2
494  0
495  0
496  0
497  2
498  1
499  1
500  1
501  0
502  0
503  1
504  1
505  0
506  0
507  0
508  0
509  0
510  1
511  0
512  1
513  0
514  1
515  0
516  0
517  0
518  0
519  0
520  1
521  0
522  0
523  0
524  0
525  0
526  0
527  0
528  0
529  0
530  1
531  0
532  0
533  1
534  0
535  0
536  0
537  1
538  2
539  0
540  0
541  1
542  2
543  0
544  0
545  0
546  0
547  0
548  0
549  0
550  0
551  0
552  0
553  0
554  0
555  0
556  0
557  0
558  0
559  0
560  1
561  1
562  0
563  1
564  0
565  0
566  0
567  0
568  1
569  0
570  0
571  0
572  0
573  0
574  0
575  3
576  0
577  0
578  0
579  0
580  0
581  0
582  0
583  0
584  0
585  0
586  0
587  0
588  0
589  0
590  0
591  0
592  0
593  0
594  0
595  0
596  0
597  0
598  0
599  0
600  0
601  0
602  0
603  0
604  0
605  0
606  0
607  0
608  0
609  0
610  0
611  0
612  0
613  0
614  0
615  0
616  0
617  0
618  0
619  0
620  0
621  0
622  0
623  1
624  0
625  0
626  0
627  0
628  0
629  0
630  0
631  0
632  0
633  0
634  0
635  0
636  0
637  0
638  0
639  0
640  0
641  0
642  0
643  0
644  0
645  0
646  0
647  0
648  0
649  0
650  0
651  0
652  0
653  0
654  0
655  0
656  0
657  0
658  0
659  0
660  0
661  0
662  0
663  0
664  0
665  0
666  0
667  0
668  0
669  0
670  0
671  0
672  0
673  0
674  0
675  0
676  0
677  0
678  0
679  0
680  0
681  0
682  0
683  0
684  0
685  0
686  0
687  0
688  0
689  0
690  0
691  0
692  0
693  0
694  0
695  0
696  0
697  0
698  0
699  0
700  0
701  0
702  0
703  0
704  0
705  0
706  0
707  0
708  0
709  0
710  0
711  0
712  0
713  0
714  0
715  0
716  0
717  0
718  0
719  0
720  0
721  0
722  0
723  0
724  0
725  0
726  0
727  0
728  0
729  0
730  0
731  0
732  0
733  0
734  0
735  0
736  0
737  0
738  0
739  0
740  0
741  0
742  0
743  0
744  0
745  0
746  0
747  0
748  0
749  0
750  0
751  0
752  0
753  0
754  0
755  0
756  0
757  0
758  0
759  0
760  0
761  0
762  0
763  0
764  0
765  0
766  0
767  0
768  0
769  0
770  0
771  0
772  0
773  0
774  0
775  0
776  0
777  0
778  0
779  0
780  0
781  0
782  0
783  0
784  0
785  0
786  0
787  0
788  0
789  0
790  0
791  0
792  0
793  0
794  0
795  0
796  0
797  0
798  0
799  0
800  0
801  0
802  0
803  0
804  0
805  0
806  0
807  0
808  0
809  0
810  0
811  0
812  0
813  0
814  0
815  0
816  0
817  0
818  0
819  0
820  0
821  0
822  0
823  0
824  0
825  0
826  0
827  0
828  0
829  0
830  0
831  0
832  0
833  0
834  0
835  0
836  0
837  0
838  0
839  0
840  0
841  0
842  0
843  0
844  0
845  0
846  0
847  0
848  0
849  0
850  0
851  0
852  0
853  0
854  0
855  0
856  0
857  0
858  0
859  0
860  0
861  0
862  0
863  0
864  0
865  0
866  0
867  0
868  0
869  0
870  0
871  0
872  0
873  0
874  0
875  0
876  0
877  0
878  0
879  0
880  0
881  0
882  0
883  0
884  0
885  0
886  0
887  0
888  0
889  0
890  0
891  0
892  0
893  0
894  0
895  0
896  0
897  0
898  0
899  0
900  0
901  0
902  0
903  0
904  0
905  0
906  0
907  0
908  0
909  0
910  0
911  0
912  0
913  0
914  0
915  0
916  0
917  0
918  0
919  0
920  0
921  0
922  0
923  0
924  0
925  0
926  0
927  0
928  0
929  0
930  0
931  0
932  0
933  0
934  0
935  0
936  0
937  0
938  0
939  0
940  0
941  0
942  0
943  0
944  0
945  0
946  0
947  0
948  0
949  0
950  0
951  0
952  0
953  0
954  0
955  0
956  0
957  0
958  0
959  0
960  0
961  0
962  0
963  0
964  0
965  0
966  0
967  0
968  0
969  0
970  0
971  0
972  0
973  0
974  0
975  0
976  0
977  0
978  0
979  0
980  0
981  0
982  0
983  0
984  0
985  0
986  0
987  0
988  0
989  0
990  0
991  0
992  0
993  0
994  0
995  0
996  0
997  0
998  0
999  0
1000  0
1001  0
1002  0
1003  0
1004  0
1005  0
1006  0
1007  0
1008  1
1009  0
1010  0
1011  0
1012  0
1013  0
1014  1
1015  1
1016  1
1017  1
1018  1
1019  3
1020  0
1021  0
1022  2
1023  0
