0  0
1  0
2  0
3  0
4  0
5  0
6  0
7  0
8  0
9  0
10  0
11  0
12  0
13  0
14  0
15  0
16  0
17  0
18  0
19  0
20  0
21  1
22  1
23  1
24  1
25  1
26  0
27  2
28  0
29  0
30  1
31  1
32  0
33  0
34  0
35  0
36  0
37  0
38  0
39  1
40  0
41  0
42  0
43  0
44  0
45  1
46  0
47  0
48  0
49  1
50  1
51  0
52  0
53  0
54  1
55  0
56  0
57  1
58  0
59  0
60  0
61  0
62  1
63  0
64  0
65  1
66  0
67  0
68  2
69  0
70  0
71  0
72  1
73  0
74  0
75  0
76  2
77  31
78  131
79  138
80  173
81  141
82  133
83  105
84  114
85  102
86  118
87  132
88  129
89  101
90  80
91  96
92  86
93  96
94  78
95  100
96  91
97  87
98  84
99  84
100  91
101  87
102  69
103  92
104  68
105  76
106  86
107  69
108  69
109  63
110  59
111  66
112  58
113  61
114  56
115  52
116  54
117  53
118  44
119  45
120  63
121  54
122  50
123  55
124  38
125  32
126  37
127  31
128  48
129  37
130  29
131  40
132  45
133  32
134  34
135  25
136  30
137  54
138  38
139  23
140  42
141  38
142  31
143  34
144  38
145  28
146  29
147  24
148  36
149  32
150  22
151  16
152  25
153  22
154  22
155  31
156  32
157  25
158  27
159  23
160  29
161  26
162  19
163  25
164  34
165  23
166  25
167  35
168  26
169  17
170  34
171  26
172  25
173  20
174  20
175  28
176  19
177  23
178  26
179  17
180  19
181  19
182  18
183  14
184  22
185  22
186  17
187  19
188  15
189  20
190  10
191  11
192  14
193  24
194  13
195  18
196  15
197  11
198  13
199  12
200  18
201  13
202  11
203  10
204  12
205  13
206  20
207  18
208  17
209  10
210  15
211  15
212  14
213  12
214  9
215  12
216  17
217  11
218  13
219  12
220  16
221  12
222  14
223  14
224  10
225  10
226  15
227  7
228  11
229  12
230  9
231  16
232  8
233  3
234  8
235  10
236  7
237  8
238  15
239  5
240  22
241  12
242  16
243  7
244  12
245  12
246  12
247  4
248  6
249  12
250  9
251  7
252  10
253  8
254  14
255  8
256  8
257  14
258  7
259  13
260  8
261  9
262  10
263  13
264  9
265  12
266  10
267  10
268  11
269  8
270  11
271  7
272  9
273  4
274  7
275  13
276  9
277  9
278  0
279  10
280  8
281  7
282  8
283  13
284  7
285  9
286  6
287  10
288  7
289  6
290  8
291  10
292  11
293  9
294  6
295  5
296  11
297  5
298  7
299  5
300  9
301  11
302  7
303  9
304  8
305  8
306  6
307  5
308  7
309  5
310  4
311  5
312  4
313  7
314  11
315  9
316  6
317  9
318  7
319  6
320  5
321  4
322  6
323  5
324  6
325  3
326  7
327  6
328  6
329  8
330  4
331  8
332  5
333  1
334  8
335  7
336  1
337  5
338  4
339  4
340  7
341  7
342  3
343  4
344  4
345  6
346  3
347  1
348  4
349  6
350  5
351  8
352  3
353  3
354  2
355  3
356  5
357  8
358  3
359  4
360  2
361  5
362  6
363  7
364  8
365  4
366  4
367  3
368  4
369  9
370  8
371  7
372  5
373  9
374  7
375  10
376  7
377  5
378  8
379  10
380  8
381  6
382  8
383  7
384  9
385  5
386  6
387  4
388  3
389  3
390  5
391  5
392  9
393  5
394  5
395  9
396  3
397  8
398  4
399  3
400  1
401  1
402  3
403  3
404  5
405  2
406  5
407  4
408  2
409  3
410  7
411  3
412  3
413  3
414  4
415  4
416  1
417  1
418  2
419  4
420  2
421  5
422  1
423  3
424  3
425  2
426  2
427  2
428  3
429  1
430  1
431  1
432  0
433  0
434  1
435  1
436  1
437  1
438  1
439  2
440  3
441  1
442  3
443  1
444  1
445  3
446  3
447  1
448  0
449  2
450  1
451  2
452  3
453  1
454  2
455  1
456  0
457  4
458  5
459  0
460  0
461  3
462  2
463  3
464  4
465  3
466  2
467  0
468  1
469  1
470  3
471  2
472  1
473  1
474  2
475  0
476  0
477  0
478  1
479  1
480  0
481  2
482  1
483  0
484  1
485  0
486  3
487  1
488  1
489  1
490  1
491  2
492  0
493  0
494  2
495  1
496  0
497  1
498  0
499  1
500  0
501  3
502  0
503  1
504  2
505  2
506  2
507  0
508  1
509  0
510  5
511  1
512  3
513  1
514  1
515  1
516  0
517  0
518  0
519  0
520  1
521  1
522  0
523  1
524  1
525  0
526  0
527  1
528  0
529  0
530  0
531  0
532  2
533  2
534  1
535  0
536  2
537  1
538  0
539  1
540  0
541  1
542  0
543  0
544  0
545  2
546  0
547  3
548  2
549  3
550  2
551  0
552  0
553  3
554  1
555  0
556  2
557  2
558  1
559  1
560  2
561  0
562  2
563  0
564  0
565  0
566  2
567  0
568  1
569  1
570  2
571  1
572  0
573  2
574  0
575  3
576  1
577  0
578  2
579  1
580  0
581  0
582  2
583  0
584  1
585  0
586  1
587  0
588  0
589  0
590  1
591  1
592  0
593  0
594  0
595  1
596  1
597  1
598  1
599  0
600  1
601  2
602  1
603  0
604  0
605  1
606  2
607  0
608  0
609  0
610  1
611  0
612  0
613  2
614  0
615  0
616  1
617  1
618  0
619  3
620  0
621  2
622  1
623  0
624  0
625  0
626  0
627  1
628  0
629  0
630  1
631  1
632  1
633  2
634  0
635  1
636  0
637  2
638  0
639  1
640  0
641  0
642  0
643  0
644  0
645  1
646  1
647  1
648  0
649  1
650  0
651  0
652  0
653  0
654  0
655  0
656  0
657  0
658  2
659  0
660  1
661  0
662  0
663  1
664  0
665  0
666  0
667  1
668  1
669  0
670  0
671  0
672  1
673  0
674  3
675  1
676  0
677  2
678  0
679  0
680  0
681  0
682  0
683  0
684  0
685  1
686  1
687  0
688  1
689  0
690  1
691  0
692  0
693  0
694  0
695  0
696  1
697  1
698  1
699  0
700  1
701  0
702  0
703  2
704  0
705  1
706  0
707  1
708  1
709  0
710  0
711  0
712  0
713  0
714  0
715  0
716  0
717  0
718  0
719  0
720  0
721  0
722  0
723  0
724  0
725  0
726  0
727  1
728  0
729  0
730  0
731  1
732  0
733  0
734  0
735  0
736  0
737  0
738  0
739  0
740  0
741  0
742  0
743  0
744  0
745  0
746  0
747  0
748  0
749  0
750  0
751  0
752  0
753  0
754  0
755  0
756  0
757  0
758  0
759  0
760  1
761  0
762  0
763  0
764  0
765  0
766  0
767  1
768  0
769  0
770  0
771  0
772  0
773  0
774  0
775  0
776  0
777  0
778  1
779  0
780  0
781  0
782  0
783  0
784  0
785  0
786  0
787  0
788  0
789  0
790  0
791  0
792  0
793  0
794  0
795  0
796  0
797  0
798  0
799  0
800  0
801  0
802  0
803  0
804  0
805  0
806  0
807  0
808  0
809  0
810  0
811  0
812  0
813  0
814  0
815  0
816  0
817  0
818  0
819  0
820  0
821  0
822  0
823  0
824  0
825  0
826  0
827  0
828  0
829  0
830  1
831  0
832  0
833  0
834  0
835  0
836  0
837  1
838  0
839  0
840  0
841  0
842  0
843  0
844  0
845  0
846  0
847  0
848  0
849  1
850  0
851  0
852  0
853  0
854  0
855  0
856  0
857  0
858  0
859  0
860  0
861  0
862  0
863  0
864  0
865  0
866  0
867  0
868  0
869  0
870  0
871  0
872  0
873  1
874  0
875  0
876  0
877  0
878  0
879  1
880  0
881  0
882  0
883  0
884  0
885  0
886  0
887  0
888  1
889  0
890  0
891  0
892  0
893  0
894  0
895  0
896  0
897  0
898  0
899  0
900  0
901  0
902  0
903  0
904  0
905  0
906  0
907  0
908  0
909  0
910  0
911  0
912  0
913  0
914  0
915  0
916  0
917  0
918  0
919  0
920  0
921  0
922  0
923  0
924  0
925  0
926  0
927  0
928  0
929  0
930  0
931  0
932  0
933  0
934  0
935  0
936  0
937  0
938  0
939  0
940  0
941  0
942  0
943  0
944  0
945  0
946  0
947  0
948  0
949  0
950  0
951  0
952  0
953  0
954  0
955  0
956  0
957  0
958  0
959  0
960  0
961  0
962  0
963  0
964  0
965  0
966  0
967  0
968  0
969  0
970  0
971  0
972  0
973  0
974  0
975  0
976  0
977  0
978  0
979  0
980  0
981  0
982  0
983  0
984  0
985  0
986  0
987  0
988  1
989  0
990  0
991  0
992  1
993  0
994  0
995  0
996  0
997  0
998  0
999  0
1000  0
1001  0
1002  0
1003  0
1004  0
1005  0
1006  0
1007  0
1008  0
1009  0
1010  0
1011  0
1012  0
1013  0
1014  0
1015  0
1016  0
1017  0
1018  0
1019  0
1020  0
1021  0
1022  0
1023  1
