0  0
1  0
2  0
3  0
4  0
5  0
6  0
7  0
8  0
9  0
10  0
11  0
12  0
13  0
14  0
15  2
16  1
17  0
18  1
19  0
20  1
21  0
22  1
23  1
24  0
25  1
26  1
27  0
28  1
29  1
30  1
31  0
32  0
33  0
34  2
35  0
36  2
37  1
38  1
39  0
40  1
41  0
42  0
43  0
44  0
45  0
46  0
47  1
48  0
49  0
50  1
51  0
52  1
53  0
54  1
55  2
56  1
57  1
58  2
59  1
60  2
61  3
62  1
63  2
64  1
65  0
66  0
67  0
68  2
69  0
70  0
71  0
72  0
73  0
74  1
75  0
76  1
77  39
78  195
79  228
80  226
81  216
82  215
83  222
84  240
85  197
86  219
87  195
88  195
89  197
90  196
91  171
92  165
93  164
94  173
95  173
96  144
97  163
98  155
99  166
100  152
101  139
102  151
103  152
104  154
105  119
106  132
107  133
108  136
109  128
110  138
111  132
112  104
113  115
114  103
115  119
116  110
117  139
118  104
119  119
120  117
121  102
122  106
123  110
124  112
125  113
126  120
127  98
128  83
129  104
130  90
131  101
132  96
133  76
134  52
135  83
136  63
137  60
138  68
139  56
140  54
141  44
142  57
143  53
144  51
145  45
146  60
147  47
148  52
149  36
150  50
151  49
152  46
153  48
154  47
155  42
156  34
157  40
158  44
159  36
160  58
161  47
162  50
163  63
164  83
165  63
166  73
167  83
168  82
169  95
170  111
171  98
172  110
173  142
174  149
175  163
176  158
177  145
178  171
179  193
180  185
181  239
182  199
183  214
184  213
185  221
186  200
187  201
188  195
189  196
190  179
191  159
192  147
193  115
194  124
195  114
196  99
197  89
198  98
199  77
200  58
201  57
202  45
203  44
204  37
205  41
206  32
207  25
208  27
209  26
210  29
211  18
212  14
213  22
214  22
215  14
216  12
217  18
218  6
219  12
220  17
221  19
222  13
223  17
224  12
225  12
226  14
227  7
228  12
229  14
230  11
231  8
232  12
233  14
234  10
235  11
236  12
237  9
238  13
239  15
240  8
241  16
242  10
243  13
244  6
245  14
246  9
247  11
248  10
249  3
250  10
251  10
252  10
253  14
254  9
255  13
256  12
257  12
258  12
259  15
260  14
261  13
262  6
263  12
264  12
265  12
266  14
267  16
268  11
269  15
270  9
271  5
272  10
273  12
274  9
275  8
276  5
277  3
278  7
279  2
280  9
281  7
282  6
283  13
284  8
285  7
286  6
287  7
288  4
289  10
290  11
291  4
292  11
293  4
294  7
295  6
296  8
297  10
298  5
299  13
300  5
301  8
302  8
303  12
304  4
305  7
306  12
307  9
308  10
309  4
310  7
311  8
312  6
313  5
314  4
315  9
316  12
317  7
318  8
319  4
320  8
321  9
322  5
323  6
324  8
325  8
326  2
327  4
328  6
329  6
330  8
331  7
332  5
333  7
334  5
335  3
336  4
337  6
338  3
339  3
340  6
341  4
342  4
343  5
344  5
345  5
346  8
347  5
348  4
349  4
350  6
351  5
352  3
353  2
354  1
355  5
356  3
357  7
358  4
359  5
360  4
361  4
362  3
363  5
364  6
365  3
366  8
367  7
368  7
369  14
370  7
371  8
372  11
373  10
374  7
375  11
376  7
377  7
378  5
379  8
380  6
381  7
382  8
383  7
384  8
385  12
386  11
387  8
388  9
389  3
390  4
391  6
392  9
393  5
394  6
395  6
396  4
397  6
398  4
399  2
400  5
401  9
402  3
403  7
404  1
405  1
406  5
407  6
408  4
409  6
410  4
411  3
412  3
413  2
414  6
415  5
416  4
417  2
418  2
419  1
420  1
421  2
422  2
423  3
424  2
425  2
426  2
427  3
428  4
429  2
430  0
431  0
432  2
433  1
434  0
435  2
436  3
437  1
438  1
439  2
440  0
441  2
442  3
443  2
444  4
445  4
446  1
447  1
448  1
449  2
450  2
451  0
452  2
453  3
454  2
455  2
456  1
457  1
458  1
459  2
460  1
461  0
462  1
463  1
464  0
465  4
466  2
467  1
468  1
469  0
470  2
471  0
472  2
473  0
474  2
475  2
476  2
477  0
478  1
479  0
480  2
481  4
482  2
483  1
484  0
485  0
486  1
487  3
488  1
489  1
490  0
491  2
492  0
493  0
494  3
495  0
496  1
497  1
498  1
499  2
500  2
501  0
502  2
503  0
504  0
505  0
506  1
507  3
508  0
509  2
510  1
511  1
512  2
513  1
514  0
515  0
516  2
517  0
518  1
519  1
520  1
521  2
522  1
523  0
524  2
525  1
526  1
527  3
528  0
529  3
530  0
531  0
532  0
533  0
534  2
535  1
536  0
537  0
538  0
539  1
540  0
541  1
542  0
543  0
544  1
545  2
546  1
547  1
548  2
549  1
550  0
551  2
552  0
553  0
554  1
555  3
556  1
557  3
558  0
559  2
560  0
561  2
562  1
563  1
564  0
565  0
566  0
567  0
568  1
569  1
570  0
571  1
572  2
573  0
574  0
575  1
576  1
577  0
578  1
579  2
580  1
581  2
582  1
583  0
584  0
585  1
586  1
587  1
588  0
589  1
590  0
591  0
592  0
593  2
594  0
595  2
596  2
597  0
598  1
599  1
600  0
601  1
602  0
603  0
604  0
605  0
606  2
607  0
608  0
609  0
610  0
611  1
612  1
613  0
614  0
615  0
616  0
617  0
618  0
619  0
620  1
621  2
622  0
623  0
624  1
625  0
626  0
627  0
628  0
629  0
630  2
631  0
632  0
633  2
634  1
635  1
636  0
637  0
638  0
639  0
640  0
641  2
642  1
643  0
644  0
645  1
646  1
647  0
648  0
649  1
650  0
651  1
652  1
653  0
654  0
655  0
656  1
657  1
658  0
659  1
660  1
661  0
662  1
663  0
664  0
665  1
666  0
667  0
668  0
669  1
670  0
671  1
672  0
673  0
674  0
675  0
676  0
677  0
678  0
679  0
680  0
681  0
682  0
683  0
684  2
685  1
686  0
687  0
688  0
689  0
690  0
691  1
692  0
693  0
694  0
695  1
696  1
697  1
698  0
699  0
700  1
701  0
702  1
703  0
704  0
705  0
706  0
707  0
708  1
709  1
710  0
711  0
712  0
713  0
714  0
715  0
716  0
717  0
718  0
719  1
720  0
721  0
722  0
723  0
724  0
725  1
726  0
727  0
728  0
729  0
730  2
731  1
732  0
733  0
734  0
735  0
736  0
737  0
738  0
739  0
740  0
741  0
742  0
743  0
744  0
745  0
746  0
747  0
748  0
749  0
750  0
751  0
752  0
753  0
754  0
755  0
756  0
757  0
758  0
759  0
760  0
761  0
762  0
763  0
764  0
765  0
766  0
767  0
768  0
769  0
770  0
771  0
772  0
773  0
774  0
775  0
776  0
777  0
778  0
779  0
780  0
781  0
782  0
783  0
784  0
785  0
786  0
787  0
788  0
789  0
790  0
791  0
792  0
793  0
794  1
795  0
796  0
797  0
798  0
799  0
800  0
801  0
802  0
803  0
804  0
805  0
806  0
807  0
808  0
809  0
810  0
811  0
812  0
813  1
814  0
815  0
816  0
817  0
818  0
819  0
820  0
821  0
822  0
823  0
824  0
825  0
826  0
827  0
828  0
829  0
830  0
831  0
832  0
833  0
834  0
835  0
836  0
837  0
838  0
839  0
840  0
841  0
842  0
843  0
844  0
845  0
846  0
847  0
848  0
849  0
850  0
851  0
852  0
853  0
854  0
855  0
856  0
857  0
858  0
859  0
860  0
861  0
862  0
863  0
864  0
865  1
866  0
867  0
868  0
869  0
870  0
871  0
872  0
873  0
874  0
875  0
876  0
877  0
878  0
879  0
880  0
881  0
882  0
883  0
884  0
885  0
886  0
887  0
888  0
889  0
890  0
891  0
892  0
893  0
894  0
895  1
896  0
897  0
898  0
899  0
900  0
901  0
902  0
903  0
904  0
905  0
906  0
907  0
908  0
909  0
910  0
911  0
912  0
913  0
914  0
915  0
916  0
917  0
918  0
919  0
920  0
921  0
922  0
923  0
924  0
925  0
926  0
927  0
928  0
929  0
930  0
931  0
932  0
933  0
934  0
935  0
936  0
937  0
938  0
939  0
940  0
941  0
942  0
943  0
944  0
945  0
946  0
947  0
948  0
949  0
950  0
951  0
952  0
953  0
954  0
955  0
956  0
957  0
958  0
959  0
960  0
961  0
962  0
963  0
964  0
965  0
966  0
967  0
968  0
969  0
970  0
971  0
972  0
973  0
974  0
975  0
976  0
977  0
978  0
979  0
980  0
981  0
982  0
983  0
984  0
985  0
986  0
987  0
988  0
989  0
990  1
991  0
992  0
993  0
994  0
995  0
996  0
997  0
998  0
999  1
1000  0
1001  0
1002  0
1003  0
1004  0
1005  0
1006  0
1007  0
1008  0
1009  0
1010  0
1011  0
1012  0
1013  0
1014  0
1015  0
1016  0
1017  0
1018  0
1019  0
1020  0
1021  0
1022  0
1023  0
