0  0
1  0
2  0
3  0
4  0
5  0
6  0
7  0
8  0
9  0
10  0
11  0
12  0
13  0
14  0
15  0
16  1
17  1
18  0
19  0
20  0
21  0
22  0
23  0
24  1
25  0
26  0
27  1
28  1
29  2
30  0
31  0
32  0
33  1
34  0
35  1
36  0
37  0
38  1
39  0
40  1
41  1
42  1
43  1
44  1
45  2
46  1
47  0
48  0
49  1
50  3
51  1
52  1
53  1
54  1
55  2
56  2
57  1
58  2
59  0
60  0
61  9
62  83
63  172
64  207
65  173
66  171
67  150
68  156
69  161
70  122
71  135
72  128
73  112
74  115
75  94
76  106
77  126
78  90
79  100
80  98
81  107
82  92
83  69
84  78
85  81
86  95
87  71
88  70
89  67
90  73
91  64
92  80
93  64
94  65
95  77
96  69
97  76
98  67
99  59
100  58
101  58
102  59
103  59
104  56
105  59
106  65
107  51
108  50
109  65
110  50
111  68
112  40
113  40
114  36
115  51
116  57
117  56
118  53
119  39
120  58
121  46
122  37
123  46
124  51
125  32
126  40
127  39
128  46
129  45
130  51
131  43
132  34
133  37
134  41
135  43
136  32
137  32
138  35
139  24
140  29
141  28
142  30
143  29
144  26
145  28
146  29
147  27
148  29
149  22
150  22
151  14
152  17
153  21
154  12
155  14
156  24
157  14
158  17
159  20
160  18
161  19
162  31
163  11
164  26
165  24
166  19
167  23
168  19
169  21
170  21
171  15
172  25
173  24
174  31
175  36
176  31
177  40
178  53
179  45
180  52
181  70
182  59
183  71
184  85
185  81
186  92
187  82
188  87
189  90
190  84
191  89
192  90
193  90
194  79
195  100
196  64
197  66
198  56
199  51
200  53
201  45
202  38
203  30
204  27
205  17
206  18
207  11
208  17
209  11
210  8
211  6
212  4
213  7
214  5
215  5
216  3
217  7
218  3
219  3
220  4
221  5
222  4
223  6
224  7
225  6
226  2
227  6
228  8
229  3
230  5
231  2
232  5
233  3
234  3
235  6
236  0
237  3
238  3
239  3
240  1
241  3
242  2
243  6
244  1
245  4
246  5
247  3
248  5
249  2
250  7
251  5
252  3
253  4
254  4
255  2
256  6
257  1
258  9
259  1
260  3
261  4
262  4
263  1
264  2
265  4
266  0
267  5
268  6
269  3
270  1
271  5
272  3
273  3
274  10
275  3
276  5
277  4
278  3
279  2
280  1
281  3
282  4
283  6
284  4
285  3
286  3
287  3
288  4
289  0
290  2
291  0
292  2
293  2
294  2
295  5
296  2
297  2
298  3
299  4
300  6
301  4
302  4
303  2
304  2
305  3
306  7
307  6
308  2
309  3
310  3
311  3
312  2
313  3
314  2
315  2
316  6
317  1
318  4
319  4
320  2
321  1
322  1
323  4
324  2
325  2
326  2
327  3
328  6
329  3
330  5
331  2
332  4
333  1
334  1
335  1
336  1
337  2
338  3
339  2
340  1
341  1
342  4
343  3
344  1
345  0
346  2
347  0
348  1
349  0
350  4
351  2
352  1
353  3
354  3
355  1
356  0
357  0
358  1
359  1
360  3
361  1
362  2
363  0
364  0
365  2
366  2
367  3
368  0
369  1
370  2
371  3
372  1
373  1
374  1
375  3
376  0
377  1
378  0
379  1
380  1
381  1
382  4
383  4
384  2
385  2
386  4
387  4
388  2
389  1
390  4
391  0
392  1
393  1
394  2
395  2
396  1
397  1
398  3
399  2
400  0
401  1
402  5
403  3
404  3
405  7
406  0
407  1
408  1
409  0
410  1
411  2
412  3
413  1
414  2
415  2
416  1
417  1
418  3
419  1
420  2
421  0
422  1
423  2
424  0
425  1
426  1
427  0
428  0
429  0
430  0
431  1
432  0
433  0
434  0
435  0
436  1
437  1
438  0
439  2
440  0
441  0
442  1
443  1
444  0
445  2
446  0
447  0
448  2
449  1
450  0
451  1
452  1
453  0
454  1
455  0
456  2
457  0
458  2
459  1
460  1
461  0
462  0
463  0
464  1
465  0
466  2
467  0
468  0
469  0
470  0
471  1
472  1
473  1
474  2
475  0
476  0
477  0
478  0
479  0
480  0
481  0
482  0
483  0
484  0
485  2
486  1
487  0
488  0
489  0
490  0
491  0
492  3
493  0
494  2
495  0
496  0
497  0
498  0
499  0
500  0
501  0
502  1
503  0
504  0
505  0
506  0
507  0
508  2
509  1
510  0
511  1
512  0
513  0
514  0
515  0
516  0
517  1
518  0
519  0
520  1
521  0
522  0
523  0
524  0
525  0
526  0
527  0
528  0
529  0
530  0
531  0
532  2
533  1
534  0
535  0
536  0
537  0
538  0
539  0
540  0
541  0
542  2
543  0
544  0
545  1
546  0
547  0
548  0
549  0
550  1
551  0
552  0
553  0
554  0
555  0
556  0
557  0
558  0
559  0
560  0
561  0
562  1
563  1
564  0
565  1
566  0
567  0
568  0
569  0
570  0
571  0
572  0
573  0
574  0
575  0
576  0
577  0
578  1
579  0
580  0
581  0
582  0
583  0
584  0
585  0
586  0
587  0
588  0
589  0
590  0
591  0
592  0
593  0
594  0
595  0
596  0
597  0
598  0
599  0
600  0
601  0
602  0
603  0
604  0
605  0
606  0
607  0
608  0
609  0
610  0
611  0
612  0
613  0
614  0
615  0
616  0
617  0
618  0
619  0
620  0
621  0
622  0
623  0
624  0
625  0
626  0
627  1
628  0
629  0
630  0
631  0
632  0
633  0
634  0
635  0
636  0
637  0
638  0
639  0
640  0
641  0
642  0
643  0
644  0
645  0
646  0
647  0
648  0
649  0
650  0
651  0
652  0
653  0
654  0
655  0
656  0
657  0
658  0
659  0
660  0
661  0
662  0
663  0
664  0
665  0
666  0
667  0
668  0
669  0
670  0
671  0
672  0
673  0
674  0
675  0
676  0
677  0
678  0
679  0
680  0
681  0
682  0
683  0
684  0
685  0
686  0
687  0
688  0
689  0
690  0
691  0
692  0
693  0
694  0
695  0
696  0
697  0
698  0
699  0
700  0
701  0
702  0
703  0
704  0
705  0
706  0
707  0
708  0
709  0
710  0
711  0
712  0
713  0
714  0
715  0
716  0
717  0
718  0
719  0
720  0
721  0
722  0
723  0
724  0
725  0
726  0
727  0
728  0
729  0
730  0
731  0
732  0
733  0
734  0
735  0
736  0
737  0
738  0
739  0
740  0
741  0
742  0
743  0
744  0
745  0
746  0
747  0
748  0
749  0
750  0
751  0
752  0
753  0
754  0
755  0
756  0
757  0
758  0
759  0
760  0
761  0
762  0
763  0
764  0
765  0
766  0
767  0
768  0
769  0
770  0
771  0
772  0
773  0
774  0
775  0
776  0
777  0
778  0
779  0
780  0
781  0
782  0
783  0
784  0
785  0
786  0
787  0
788  0
789  0
790  0
791  0
792  0
793  0
794  0
795  0
796  0
797  0
798  0
799  0
800  0
801  0
802  0
803  0
804  0
805  0
806  0
807  0
808  0
809  0
810  0
811  0
812  0
813  0
814  0
815  0
816  0
817  0
818  0
819  0
820  0
821  0
822  0
823  0
824  0
825  0
826  0
827  0
828  0
829  0
830  0
831  0
832  0
833  0
834  0
835  0
836  0
837  0
838  0
839  0
840  0
841  0
842  0
843  0
844  0
845  0
846  0
847  0
848  0
849  0
850  0
851  0
852  0
853  0
854  0
855  0
856  0
857  0
858  0
859  0
860  0
861  0
862  0
863  0
864  0
865  0
866  0
867  0
868  0
869  0
870  0
871  0
872  0
873  0
874  0
875  0
876  0
877  0
878  0
879  0
880  0
881  0
882  0
883  0
884  0
885  0
886  0
887  0
888  0
889  0
890  0
891  0
892  0
893  0
894  0
895  0
896  0
897  0
898  0
899  0
900  0
901  0
902  0
903  0
904  0
905  0
906  0
907  0
908  0
909  0
910  0
911  0
912  0
913  0
914  0
915  0
916  0
917  0
918  0
919  0
920  0
921  0
922  0
923  0
924  0
925  0
926  0
927  0
928  0
929  0
930  0
931  0
932  0
933  0
934  0
935  0
936  0
937  0
938  0
939  0
940  0
941  0
942  0
943  0
944  0
945  0
946  0
947  0
948  0
949  0
950  0
951  0
952  0
953  0
954  0
955  0
956  0
957  0
958  0
959  0
960  0
961  0
962  0
963  0
964  0
965  0
966  0
967  0
968  0
969  0
970  0
971  0
972  0
973  0
974  0
975  0
976  0
977  0
978  0
979  0
980  0
981  0
982  0
983  0
984  0
985  0
986  0
987  0
988  0
989  0
990  0
991  0
992  0
993  0
994  0
995  0
996  0
997  1
998  0
999  0
1000  0
1001  0
1002  0
1003  0
1004  0
1005  0
1006  0
1007  1
1008  0
1009  0
1010  0
1011  0
1012  0
1013  0
1014  0
1015  1
1016  0
1017  0
1018  1
1019  0
1020  0
1021  0
1022  0
1023  1
