0  0
1  0
2  0
3  0
4  0
5  0
6  0
7  0
8  0
9  0
10  0
11  0
12  0
13  0
14  0
15  22
16  22
17  25
18  29
19  27
20  32
21  27
22  23
23  33
24  28
25  35
26  24
27  22
28  26
29  30
30  35
31  21
32  28
33  24
34  43
35  28
36  32
37  33
38  31
39  26
40  28
41  33
42  33
43  32
44  38
45  30
46  27
47  32
48  31
49  37
50  33
51  36
52  38
53  42
54  35
55  33
56  30
57  40
58  37
59  41
60  31
61  35
62  35
63  37
64  37
65  50
66  38
67  41
68  44
69  37
70  42
71  34
72  39
73  30
74  33
75  19
76  11
77  81
78  384
79  468
80  451
81  431
82  409
83  488
84  412
85  405
86  430
87  389
88  364
89  398
90  369
91  386
92  372
93  343
94  357
95  341
96  335
97  307
98  319
99  318
100  273
101  257
102  263
103  232
104  214
105  222
106  217
107  186
108  188
109  173
110  184
111  158
112  161
113  167
114  165
115  137
116  168
117  141
118  156
119  134
120  141
121  157
122  154
123  135
124  137
125  139
126  179
127  193
128  202
129  237
130  245
131  290
132  332
133  343
134  391
135  436
136  531
137  562
138  601
139  659
140  738
141  772
142  806
143  814
144  837
145  848
146  873
147  842
148  797
149  735
150  755
151  751
152  614
153  594
154  497
155  439
156  401
157  377
158  327
159  290
160  236
161  229
162  180
163  164
164  137
165  120
166  123
167  112
168  111
169  78
170  71
171  78
172  89
173  57
174  54
175  76
176  67
177  73
178  81
179  68
180  62
181  49
182  62
183  54
184  68
185  63
186  65
187  65
188  66
189  51
190  61
191  62
192  62
193  41
194  49
195  64
196  44
197  72
198  52
199  55
200  73
201  58
202  59
203  64
204  52
205  52
206  56
207  53
208  53
209  52
210  44
211  56
212  69
213  47
214  55
215  72
216  60
217  50
218  54
219  62
220  50
221  60
222  41
223  56
224  52
225  47
226  66
227  49
228  61
229  61
230  64
231  54
232  47
233  60
234  59
235  52
236  62
237  64
238  65
239  52
240  50
241  57
242  57
243  52
244  60
245  55
246  56
247  46
248  47
249  54
250  53
251  68
252  50
253  69
254  55
255  45
256  49
257  58
258  54
259  73
260  45
261  78
262  61
263  62
264  63
265  63
266  43
267  63
268  64
269  64
270  63
271  48
272  43
273  50
274  44
275  59
276  49
277  54
278  40
279  42
280  42
281  49
282  46
283  42
284  36
285  40
286  44
287  44
288  26
289  39
290  36
291  36
292  28
293  27
294  22
295  25
296  28
297  33
298  30
299  25
300  39
301  27
302  27
303  19
304  35
305  22
306  27
307  24
308  20
309  24
310  27
311  32
312  27
313  43
314  34
315  40
316  56
317  50
318  50
319  41
320  64
321  65
322  57
323  64
324  62
325  61
326  76
327  72
328  76
329  99
330  80
331  96
332  90
333  96
334  78
335  88
336  110
337  86
338  95
339  91
340  99
341  84
342  87
343  82
344  88
345  79
346  86
347  86
348  62
349  57
350  67
351  68
352  59
353  45
354  43
355  48
356  51
357  44
358  40
359  37
360  27
361  30
362  26
363  30
364  27
365  24
366  21
367  24
368  19
369  16
370  28
371  12
372  27
373  17
374  10
375  12
376  19
377  14
378  8
379  18
380  12
381  11
382  12
383  13
384  12
385  9
386  11
387  11
388  11
389  21
390  10
391  4
392  6
393  7
394  12
395  9
396  6
397  9
398  13
399  5
400  7
401  9
402  5
403  7
404  7
405  10
406  10
407  4
408  6
409  6
410  4
411  6
412  4
413  1
414  5
415  7
416  1
417  7
418  3
419  1
420  6
421  5
422  6
423  6
424  5
425  3
426  2
427  0
428  2
429  2
430  3
431  4
432  3
433  1
434  4
435  1
436  4
437  1
438  3
439  1
440  1
441  1
442  2
443  2
444  1
445  2
446  2
447  3
448  2
449  3
450  4
451  1
452  2
453  4
454  4
455  3
456  3
457  6
458  1
459  0
460  2
461  3
462  6
463  1
464  2
465  8
466  3
467  2
468  1
469  0
470  4
471  6
472  0
473  2
474  4
475  2
476  6
477  1
478  1
479  3
480  5
481  4
482  3
483  2
484  4
485  3
486  5
487  3
488  3
489  0
490  4
491  3
492  1
493  1
494  3
495  1
496  2
497  2
498  1
499  1
500  1
501  3
502  1
503  0
504  0
505  0
506  2
507  0
508  1
509  0
510  2
511  1
512  1
513  3
514  2
515  0
516  3
517  2
518  1
519  1
520  0
521  5
522  1
523  0
524  0
525  0
526  1
527  0
528  1
529  2
530  0
531  0
532  0
533  2
534  0
535  0
536  3
537  1
538  0
539  0
540  2
541  1
542  1
543  1
544  1
545  0
546  0
547  1
548  2
549  2
550  0
551  1
552  2
553  0
554  3
555  1
556  2
557  1
558  1
559  2
560  1
561  1
562  0
563  2
564  3
565  2
566  0
567  2
568  1
569  0
570  0
571  0
572  1
573  4
574  0
575  2
576  0
577  1
578  0
579  0
580  0
581  1
582  0
583  1
584  1
585  0
586  1
587  1
588  0
589  1
590  0
591  0
592  0
593  1
594  0
595  1
596  0
597  0
598  2
599  1
600  0
601  0
602  0
603  1
604  0
605  2
606  0
607  2
608  0
609  2
610  0
611  0
612  1
613  0
614  0
615  1
616  1
617  1
618  0
619  0
620  0
621  1
622  0
623  0
624  0
625  0
626  0
627  1
628  1
629  2
630  1
631  0
632  0
633  1
634  0
635  0
636  0
637  1
638  1
639  1
640  0
641  0
642  1
643  0
644  0
645  0
646  0
647  1
648  1
649  0
650  0
651  0
652  1
653  3
654  0
655  0
656  2
657  1
658  1
659  0
660  0
661  0
662  1
663  0
664  0
665  0
666  0
667  1
668  0
669  1
670  1
671  0
672  0
673  0
674  0
675  2
676  1
677  0
678  0
679  1
680  1
681  2
682  0
683  0
684  1
685  0
686  0
687  0
688  0
689  1
690  1
691  0
692  1
693  1
694  0
695  0
696  0
697  0
698  0
699  0
700  0
701  0
702  0
703  0
704  0
705  1
706  1
707  0
708  0
709  0
710  1
711  0
712  0
713  0
714  0
715  0
716  0
717  0
718  0
719  0
720  0
721  1
722  0
723  0
724  0
725  1
726  1
727  0
728  0
729  0
730  1
731  0
732  0
733  0
734  1
735  0
736  0
737  1
738  0
739  0
740  0
741  0
742  0
743  0
744  0
745  0
746  0
747  0
748  0
749  0
750  0
751  0
752  0
753  0
754  0
755  0
756  0
757  0
758  0
759  0
760  0
761  0
762  0
763  0
764  0
765  0
766  0
767  0
768  0
769  0
770  0
771  0
772  0
773  0
774  0
775  0
776  0
777  0
778  0
779  0
780  0
781  0
782  0
783  0
784  0
785  0
786  0
787  0
788  0
789  0
790  0
791  0
792  0
793  0
794  0
795  0
796  0
797  0
798  0
799  1
800  0
801  0
802  1
803  0
804  0
805  0
806  0
807  0
808  0
809  0
810  0
811  0
812  0
813  0
814  0
815  0
816  0
817  0
818  0
819  0
820  0
821  0
822  0
823  0
824  0
825  1
826  0
827  0
828  0
829  0
830  0
831  0
832  0
833  0
834  1
835  0
836  0
837  0
838  0
839  0
840  0
841  0
842  0
843  0
844  0
845  0
846  0
847  0
848  0
849  0
850  1
851  0
852  0
853  0
854  0
855  0
856  0
857  0
858  1
859  0
860  0
861  0
862  0
863  0
864  0
865  0
866  0
867  0
868  2
869  0
870  0
871  0
872  0
873  0
874  0
875  0
876  0
877  0
878  0
879  0
880  0
881  0
882  0
883  0
884  0
885  0
886  0
887  0
888  0
889  0
890  0
891  0
892  0
893  1
894  0
895  0
896  0
897  0
898  0
899  0
900  0
901  0
902  0
903  0
904  0
905  0
906  0
907  0
908  0
909  0
910  0
911  0
912  0
913  0
914  0
915  0
916  0
917  0
918  0
919  0
920  0
921  0
922  0
923  0
924  0
925  0
926  0
927  0
928  0
929  0
930  0
931  0
932  0
933  0
934  0
935  0
936  0
937  0
938  0
939  0
940  0
941  0
942  0
943  0
944  0
945  0
946  0
947  0
948  0
949  0
950  0
951  0
952  0
953  0
954  0
955  0
956  0
957  0
958  0
959  0
960  0
961  0
962  0
963  0
964  0
965  0
966  0
967  0
968  0
969  0
970  0
971  0
972  0
973  0
974  0
975  0
976  0
977  0
978  0
979  0
980  0
981  0
982  0
983  0
984  0
985  0
986  0
987  0
988  0
989  0
990  0
991  0
992  0
993  0
994  0
995  0
996  0
997  0
998  0
999  0
1000  0
1001  0
1002  0
1003  0
1004  0
1005  0
1006  0
1007  0
1008  0
1009  0
1010  0
1011  0
1012  1
1013  1
1014  0
1015  0
1016  0
1017  0
1018  0
1019  0
1020  0
1021  1
1022  0
1023  0
