0  0
1  0
2  0
3  0
4  0
5  0
6  0
7  0
8  0
9  0
10  0
11  0
12  0
13  0
14  0
15  0
16  1
17  0
18  0
19  2
20  0
21  2
22  1
23  2
24  0
25  1
26  0
27  1
28  0
29  0
30  0
31  0
32  0
33  0
34  1
35  1
36  3
37  3
38  1
39  2
40  0
41  1
42  0
43  1
44  0
45  1
46  1
47  0
48  1
49  0
50  1
51  1
52  2
53  1
54  5
55  0
56  3
57  0
58  3
59  6
60  1
61  17
62  77
63  155
64  187
65  159
66  164
67  145
68  140
69  119
70  119
71  124
72  108
73  113
74  115
75  119
76  103
77  108
78  96
79  87
80  107
81  86
82  79
83  84
84  75
85  68
86  58
87  71
88  76
89  67
90  77
91  62
92  54
93  65
94  72
95  64
96  48
97  66
98  49
99  60
100  55
101  51
102  47
103  64
104  49
105  38
106  48
107  48
108  41
109  45
110  48
111  40
112  38
113  52
114  42
115  33
116  47
117  42
118  41
119  36
120  39
121  42
122  37
123  42
124  48
125  42
126  46
127  43
128  25
129  41
130  36
131  36
132  30
133  31
134  40
135  33
136  30
137  27
138  27
139  39
140  31
141  30
142  26
143  21
144  23
145  27
146  23
147  18
148  19
149  23
150  16
151  23
152  16
153  12
154  23
155  15
156  16
157  11
158  15
159  18
160  16
161  15
162  21
163  16
164  22
165  19
166  16
167  23
168  21
169  17
170  20
171  19
172  24
173  22
174  27
175  24
176  32
177  34
178  31
179  50
180  50
181  44
182  54
183  53
184  60
185  72
186  78
187  79
188  70
189  65
190  75
191  75
192  76
193  63
194  55
195  74
196  52
197  52
198  37
199  33
200  32
201  27
202  17
203  18
204  15
205  20
206  12
207  13
208  5
209  11
210  9
211  2
212  5
213  6
214  5
215  2
216  3
217  6
218  6
219  6
220  10
221  5
222  5
223  1
224  5
225  6
226  9
227  6
228  5
229  7
230  9
231  5
232  2
233  8
234  3
235  7
236  7
237  4
238  5
239  3
240  3
241  3
242  7
243  2
244  2
245  5
246  6
247  7
248  6
249  6
250  5
251  5
252  6
253  6
254  7
255  5
256  3
257  2
258  4
259  6
260  4
261  1
262  3
263  6
264  4
265  7
266  4
267  3
268  7
269  2
270  1
271  4
272  4
273  3
274  5
275  2
276  6
277  3
278  2
279  3
280  2
281  5
282  3
283  7
284  5
285  4
286  4
287  5
288  3
289  2
290  3
291  6
292  6
293  3
294  1
295  5
296  7
297  7
298  2
299  2
300  3
301  3
302  1
303  3
304  4
305  3
306  0
307  2
308  2
309  2
310  0
311  1
312  4
313  1
314  1
315  3
316  2
317  3
318  5
319  3
320  5
321  3
322  1
323  2
324  5
325  5
326  1
327  3
328  1
329  3
330  2
331  2
332  2
333  6
334  4
335  4
336  1
337  2
338  3
339  3
340  1
341  1
342  4
343  2
344  2
345  2
346  0
347  0
348  1
349  4
350  3
351  1
352  2
353  1
354  1
355  2
356  3
357  1
358  1
359  4
360  2
361  1
362  1
363  0
364  2
365  3
366  1
367  0
368  4
369  1
370  1
371  0
372  3
373  0
374  2
375  0
376  4
377  3
378  0
379  1
380  2
381  3
382  0
383  3
384  1
385  4
386  1
387  4
388  1
389  2
390  5
391  5
392  0
393  2
394  1
395  2
396  7
397  2
398  1
399  5
400  1
401  3
402  2
403  2
404  2
405  2
406  2
407  0
408  2
409  0
410  3
411  1
412  4
413  2
414  1
415  1
416  2
417  1
418  0
419  0
420  1
421  1
422  1
423  2
424  1
425  2
426  0
427  0
428  1
429  2
430  0
431  1
432  1
433  1
434  1
435  0
436  0
437  1
438  1
439  0
440  1
441  0
442  1
443  0
444  3
445  1
446  2
447  0
448  2
449  0
450  1
451  0
452  1
453  1
454  1
455  0
456  0
457  0
458  0
459  0
460  2
461  0
462  0
463  0
464  1
465  0
466  0
467  0
468  0
469  2
470  0
471  1
472  0
473  0
474  2
475  0
476  2
477  0
478  0
479  1
480  1
481  0
482  0
483  0
484  0
485  2
486  0
487  1
488  0
489  1
490  0
491  1
492  0
493  2
494  1
495  1
496  0
497  2
498  0
499  0
500  0
501  0
502  1
503  0
504  0
505  0
506  0
507  0
508  0
509  3
510  0
511  0
512  1
513  0
514  0
515  1
516  0
517  0
518  1
519  0
520  1
521  0
522  1
523  0
524  1
525  0
526  0
527  0
528  0
529  0
530  1
531  0
532  1
533  0
534  0
535  1
536  0
537  1
538  0
539  0
540  0
541  0
542  1
543  0
544  1
545  3
546  0
547  0
548  0
549  0
550  0
551  0
552  0
553  0
554  0
555  1
556  0
557  1
558  1
559  1
560  0
561  0
562  0
563  0
564  1
565  1
566  0
567  1
568  0
569  0
570  0
571  1
572  1
573  0
574  1
575  0
576  0
577  0
578  0
579  0
580  0
581  0
582  0
583  0
584  0
585  0
586  0
587  0
588  0
589  0
590  0
591  0
592  0
593  0
594  0
595  0
596  0
597  0
598  0
599  0
600  0
601  0
602  0
603  0
604  0
605  0
606  0
607  0
608  0
609  0
610  0
611  0
612  0
613  0
614  0
615  0
616  0
617  0
618  0
619  0
620  0
621  0
622  1
623  0
624  1
625  0
626  1
627  0
628  0
629  0
630  0
631  0
632  0
633  0
634  0
635  0
636  0
637  0
638  0
639  0
640  0
641  0
642  0
643  0
644  0
645  0
646  0
647  0
648  0
649  0
650  0
651  0
652  0
653  0
654  0
655  0
656  0
657  0
658  0
659  0
660  0
661  0
662  0
663  0
664  0
665  0
666  0
667  0
668  0
669  0
670  0
671  0
672  0
673  0
674  0
675  0
676  0
677  0
678  0
679  0
680  0
681  0
682  0
683  0
684  0
685  0
686  0
687  0
688  0
689  0
690  0
691  0
692  0
693  0
694  0
695  0
696  0
697  0
698  0
699  0
700  0
701  0
702  0
703  0
704  0
705  0
706  0
707  0
708  0
709  0
710  0
711  0
712  0
713  0
714  0
715  0
716  0
717  0
718  0
719  0
720  0
721  0
722  0
723  0
724  0
725  0
726  0
727  0
728  0
729  0
730  0
731  0
732  0
733  0
734  0
735  0
736  0
737  0
738  0
739  0
740  0
741  0
742  0
743  0
744  0
745  0
746  0
747  0
748  0
749  0
750  0
751  0
752  0
753  0
754  0
755  0
756  0
757  0
758  0
759  0
760  0
761  0
762  0
763  0
764  0
765  0
766  0
767  0
768  0
769  0
770  0
771  0
772  0
773  0
774  0
775  0
776  0
777  0
778  0
779  0
780  0
781  0
782  0
783  0
784  0
785  0
786  0
787  0
788  0
789  0
790  0
791  0
792  0
793  0
794  0
795  0
796  0
797  0
798  0
799  0
800  0
801  0
802  0
803  0
804  0
805  0
806  0
807  0
808  0
809  0
810  0
811  0
812  0
813  0
814  0
815  0
816  0
817  0
818  0
819  0
820  0
821  0
822  0
823  0
824  0
825  0
826  0
827  0
828  0
829  0
830  0
831  0
832  0
833  0
834  0
835  0
836  0
837  0
838  0
839  0
840  0
841  0
842  0
843  0
844  0
845  0
846  0
847  0
848  0
849  0
850  0
851  0
852  0
853  0
854  0
855  0
856  0
857  0
858  0
859  0
860  0
861  0
862  0
863  0
864  0
865  0
866  0
867  0
868  0
869  0
870  0
871  0
872  0
873  0
874  0
875  0
876  0
877  0
878  0
879  0
880  0
881  0
882  0
883  0
884  0
885  0
886  0
887  0
888  0
889  0
890  0
891  0
892  0
893  0
894  0
895  0
896  0
897  0
898  0
899  0
900  0
901  0
902  0
903  0
904  0
905  0
906  0
907  0
908  0
909  0
910  0
911  0
912  0
913  0
914  0
915  0
916  0
917  0
918  0
919  0
920  0
921  0
922  0
923  0
924  0
925  0
926  0
927  0
928  0
929  0
930  0
931  0
932  0
933  0
934  0
935  0
936  0
937  0
938  0
939  0
940  0
941  0
942  0
943  0
944  0
945  0
946  0
947  0
948  0
949  0
950  0
951  0
952  0
953  0
954  0
955  0
956  0
957  0
958  0
959  0
960  0
961  0
962  0
963  0
964  0
965  0
966  0
967  0
968  0
969  0
970  0
971  0
972  0
973  0
974  0
975  1
976  0
977  0
978  0
979  0
980  0
981  0
982  0
983  0
984  0
985  0
986  0
987  0
988  0
989  0
990  0
991  0
992  0
993  0
994  0
995  0
996  0
997  0
998  0
999  0
1000  0
1001  0
1002  0
1003  0
1004  0
1005  0
1006  0
1007  0
1008  0
1009  0
1010  0
1011  0
1012  1
1013  0
1014  0
1015  0
1016  0
1017  1
1018  1
1019  0
1020  0
1021  0
1022  0
1023  0
