0  0
1  0
2  0
3  0
4  0
5  0
6  0
7  0
8  0
9  0
10  0
11  0
12  0
13  0
14  0
15  42
16  45
17  32
18  37
19  32
20  33
21  46
22  40
23  32
24  34
25  43
26  35
27  26
28  40
29  42
30  51
31  34
32  32
33  38
34  33
35  41
36  42
37  41
38  40
39  41
40  42
41  47
42  47
43  43
44  38
45  47
46  49
47  48
48  47
49  57
50  51
51  60
52  59
53  47
54  52
55  50
56  47
57  40
58  51
59  35
60  44
61  51
62  162
63  316
64  312
65  318
66  327
67  284
68  293
69  287
70  278
71  285
72  260
73  274
74  243
75  283
76  236
77  266
78  211
79  210
80  228
81  183
82  177
83  201
84  209
85  190
86  210
87  168
88  186
89  195
90  149
91  161
92  170
93  154
94  164
95  156
96  157
97  130
98  144
99  136
100  117
101  138
102  145
103  101
104  116
105  99
106  96
107  84
108  82
109  75
110  84
111  79
112  83
113  80
114  69
115  92
116  65
117  76
118  100
119  66
120  76
121  75
122  79
123  87
124  93
125  115
126  96
127  115
128  130
129  157
130  150
131  200
132  186
133  186
134  239
135  254
136  246
137  229
138  238
139  257
140  260
141  251
142  261
143  273
144  271
145  248
146  288
147  271
148  287
149  288
150  268
151  307
152  262
153  288
154  263
155  215
156  199
157  155
158  159
159  146
160  131
161  102
162  82
163  79
164  62
165  68
166  44
167  41
168  39
169  37
170  39
171  20
172  24
173  31
174  21
175  37
176  26
177  23
178  28
179  30
180  27
181  35
182  35
183  23
184  19
185  24
186  29
187  26
188  27
189  23
190  18
191  26
192  20
193  17
194  25
195  38
196  28
197  17
198  26
199  27
200  22
201  26
202  16
203  31
204  12
205  26
206  27
207  27
208  27
209  24
210  22
211  22
212  26
213  31
214  25
215  25
216  15
217  27
218  20
219  25
220  23
221  26
222  30
223  16
224  16
225  23
226  23
227  21
228  19
229  18
230  20
231  27
232  26
233  18
234  21
235  17
236  34
237  21
238  28
239  24
240  30
241  20
242  31
243  25
244  29
245  20
246  23
247  31
248  18
249  26
250  21
251  17
252  37
253  30
254  23
255  24
256  26
257  27
258  16
259  27
260  35
261  17
262  20
263  28
264  10
265  20
266  23
267  17
268  32
269  25
270  21
271  16
272  35
273  27
274  28
275  30
276  23
277  19
278  24
279  21
280  18
281  22
282  25
283  23
284  26
285  19
286  24
287  17
288  22
289  26
290  30
291  17
292  24
293  25
294  28
295  27
296  24
297  13
298  21
299  21
300  25
301  19
302  17
303  17
304  25
305  18
306  20
307  15
308  15
309  14
310  19
311  10
312  8
313  16
314  12
315  10
316  16
317  11
318  11
319  10
320  10
321  9
322  7
323  14
324  8
325  7
326  12
327  8
328  12
329  14
330  14
331  9
332  10
333  19
334  17
335  19
336  15
337  8
338  17
339  19
340  19
341  25
342  18
343  28
344  16
345  24
346  25
347  37
348  34
349  28
350  34
351  33
352  30
353  27
354  37
355  39
356  26
357  29
358  26
359  30
360  44
361  28
362  23
363  28
364  31
365  18
366  19
367  16
368  18
369  16
370  23
371  18
372  13
373  12
374  13
375  12
376  10
377  9
378  12
379  8
380  5
381  5
382  6
383  9
384  10
385  4
386  6
387  4
388  4
389  3
390  2
391  2
392  1
393  4
394  2
395  0
396  0
397  2
398  4
399  1
400  4
401  5
402  3
403  1
404  2
405  3
406  0
407  3
408  3
409  2
410  2
411  0
412  2
413  5
414  0
415  0
416  1
417  6
418  2
419  1
420  3
421  0
422  1
423  1
424  5
425  3
426  3
427  1
428  0
429  0
430  0
431  0
432  0
433  2
434  3
435  3
436  2
437  2
438  2
439  1
440  0
441  1
442  2
443  1
444  1
445  3
446  0
447  1
448  1
449  1
450  0
451  0
452  0
453  1
454  0
455  0
456  0
457  0
458  1
459  0
460  0
461  1
462  1
463  0
464  0
465  1
466  0
467  0
468  1
469  0
470  0
471  1
472  0
473  3
474  1
475  1
476  2
477  0
478  0
479  1
480  0
481  1
482  0
483  1
484  1
485  2
486  0
487  0
488  1
489  1
490  0
491  0
492  1
493  0
494  0
495  0
496  1
497  0
498  4
499  0
500  1
501  0
502  0
503  1
504  2
505  0
506  1
507  0
508  1
509  0
510  0
511  0
512  1
513  0
514  2
515  1
516  0
517  0
518  0
519  0
520  0
521  0
522  0
523  0
524  0
525  0
526  2
527  1
528  0
529  0
530  0
531  2
532  0
533  1
534  1
535  0
536  0
537  0
538  1
539  1
540  2
541  0
542  1
543  0
544  2
545  1
546  0
547  0
548  2
549  2
550  0
551  0
552  0
553  0
554  0
555  0
556  0
557  0
558  0
559  1
560  0
561  0
562  0
563  0
564  0
565  0
566  0
567  1
568  1
569  0
570  1
571  0
572  1
573  0
574  0
575  0
576  0
577  0
578  0
579  0
580  0
581  0
582  0
583  0
584  0
585  0
586  0
587  0
588  0
589  0
590  0
591  0
592  0
593  0
594  0
595  0
596  0
597  0
598  0
599  0
600  0
601  0
602  0
603  0
604  0
605  0
606  0
607  0
608  0
609  0
610  0
611  0
612  0
613  0
614  0
615  0
616  0
617  0
618  0
619  0
620  0
621  0
622  0
623  0
624  0
625  0
626  0
627  0
628  0
629  0
630  0
631  0
632  0
633  0
634  0
635  0
636  0
637  0
638  0
639  0
640  0
641  0
642  0
643  0
644  0
645  0
646  0
647  0
648  0
649  0
650  0
651  0
652  0
653  0
654  0
655  0
656  0
657  0
658  0
659  0
660  0
661  0
662  0
663  0
664  0
665  0
666  0
667  0
668  0
669  0
670  0
671  0
672  0
673  0
674  0
675  0
676  0
677  0
678  0
679  0
680  0
681  0
682  0
683  0
684  0
685  0
686  0
687  0
688  0
689  0
690  0
691  0
692  0
693  0
694  0
695  0
696  0
697  0
698  0
699  0
700  0
701  0
702  0
703  0
704  0
705  0
706  0
707  0
708  0
709  0
710  0
711  0
712  0
713  0
714  0
715  0
716  0
717  0
718  0
719  0
720  0
721  0
722  0
723  0
724  0
725  0
726  0
727  0
728  0
729  0
730  0
731  0
732  0
733  0
734  0
735  0
736  0
737  0
738  0
739  0
740  0
741  0
742  0
743  0
744  0
745  0
746  0
747  0
748  0
749  0
750  0
751  0
752  0
753  0
754  0
755  0
756  0
757  0
758  0
759  0
760  0
761  0
762  0
763  0
764  0
765  0
766  0
767  0
768  0
769  0
770  0
771  0
772  0
773  0
774  0
775  0
776  0
777  0
778  0
779  0
780  0
781  0
782  0
783  0
784  0
785  0
786  0
787  0
788  0
789  0
790  0
791  0
792  0
793  0
794  0
795  0
796  0
797  0
798  0
799  0
800  0
801  0
802  0
803  0
804  0
805  0
806  0
807  0
808  0
809  0
810  0
811  0
812  0
813  0
814  0
815  0
816  0
817  0
818  0
819  0
820  0
821  0
822  0
823  0
824  0
825  0
826  0
827  0
828  0
829  0
830  0
831  0
832  0
833  0
834  0
835  0
836  0
837  0
838  0
839  0
840  0
841  0
842  0
843  0
844  0
845  0
846  0
847  0
848  0
849  0
850  0
851  0
852  0
853  0
854  0
855  0
856  0
857  0
858  0
859  0
860  0
861  0
862  0
863  0
864  0
865  0
866  0
867  0
868  0
869  0
870  0
871  0
872  0
873  0
874  0
875  0
876  0
877  0
878  0
879  0
880  0
881  0
882  0
883  0
884  0
885  0
886  0
887  0
888  0
889  0
890  0
891  0
892  0
893  0
894  0
895  0
896  0
897  0
898  0
899  0
900  0
901  0
902  0
903  0
904  0
905  0
906  0
907  0
908  0
909  0
910  0
911  0
912  0
913  0
914  0
915  0
916  0
917  0
918  0
919  0
920  0
921  0
922  0
923  0
924  0
925  0
926  0
927  0
928  0
929  0
930  0
931  0
932  0
933  0
934  0
935  0
936  0
937  0
938  0
939  0
940  0
941  0
942  0
943  0
944  0
945  0
946  0
947  0
948  0
949  0
950  0
951  0
952  0
953  0
954  0
955  0
956  0
957  0
958  0
959  0
960  0
961  0
962  0
963  0
964  0
965  0
966  0
967  0
968  0
969  0
970  1
971  0
972  0
973  0
974  0
975  0
976  0
977  0
978  0
979  0
980  0
981  0
982  0
983  0
984  0
985  0
986  1
987  0
988  0
989  0
990  0
991  0
992  0
993  0
994  0
995  0
996  0
997  0
998  0
999  1
1000  0
1001  2
1002  0
1003  0
1004  0
1005  0
1006  0
1007  0
1008  0
1009  0
1010  0
1011  0
1012  0
1013  0
1014  1
1015  0
1016  1
1017  0
1018  0
1019  0
1020  0
1021  0
1022  2
1023  1
