0  0
1  0
2  0
3  0
4  0
5  0
6  0
7  0
8  0
9  0
10  0
11  0
12  0
13  0
14  0
15  40
16  49
17  45
18  39
19  31
20  48
21  48
22  36
23  46
24  44
25  39
26  36
27  33
28  43
29  30
30  28
31  37
32  39
33  40
34  46
35  32
36  45
37  40
38  32
39  31
40  35
41  43
42  45
43  48
44  49
45  42
46  54
47  52
48  58
49  56
50  60
51  53
52  56
53  46
54  52
55  49
56  52
57  35
58  30
59  44
60  40
61  68
62  178
63  317
64  324
65  324
66  298
67  293
68  288
69  248
70  278
71  262
72  274
73  250
74  231
75  245
76  228
77  217
78  204
79  208
80  214
81  193
82  198
83  173
84  182
85  175
86  170
87  152
88  176
89  186
90  171
91  151
92  157
93  163
94  150
95  138
96  117
97  133
98  115
99  128
100  102
101  124
102  114
103  116
104  92
105  85
106  96
107  85
108  77
109  83
110  69
111  81
112  77
113  65
114  80
115  88
116  67
117  74
118  79
119  93
120  90
121  90
122  93
123  95
124  119
125  124
126  127
127  152
128  154
129  205
130  187
131  197
132  194
133  218
134  249
135  246
136  249
137  253
138  228
139  248
140  220
141  275
142  239
143  291
144  281
145  289
146  291
147  283
148  301
149  272
150  269
151  289
152  225
153  240
154  219
155  173
156  157
157  141
158  110
159  102
160  77
161  66
162  54
163  37
164  42
165  28
166  22
167  40
168  33
169  29
170  23
171  27
172  29
173  35
174  29
175  30
176  24
177  21
178  19
179  31
180  20
181  20
182  25
183  22
184  26
185  30
186  21
187  27
188  21
189  23
190  28
191  28
192  21
193  21
194  12
195  21
196  28
197  33
198  25
199  20
200  21
201  25
202  21
203  23
204  23
205  21
206  23
207  23
208  29
209  30
210  23
211  26
212  20
213  20
214  21
215  24
216  27
217  23
218  14
219  16
220  26
221  25
222  24
223  22
224  24
225  24
226  20
227  24
228  26
229  25
230  23
231  30
232  20
233  19
234  18
235  22
236  23
237  21
238  25
239  29
240  15
241  34
242  21
243  29
244  23
245  24
246  20
247  24
248  19
249  32
250  20
251  22
252  28
253  25
254  16
255  26
256  24
257  21
258  29
259  24
260  24
261  19
262  18
263  24
264  26
265  27
266  18
267  22
268  24
269  30
270  26
271  16
272  25
273  31
274  17
275  24
276  24
277  27
278  30
279  25
280  18
281  23
282  13
283  18
284  27
285  21
286  18
287  27
288  15
289  29
290  23
291  21
292  15
293  21
294  19
295  18
296  8
297  10
298  18
299  21
300  10
301  16
302  11
303  8
304  8
305  17
306  10
307  9
308  11
309  9
310  9
311  10
312  13
313  11
314  8
315  17
316  7
317  12
318  15
319  8
320  19
321  9
322  14
323  13
324  12
325  9
326  10
327  12
328  12
329  9
330  7
331  16
332  19
333  19
334  24
335  22
336  16
337  18
338  25
339  16
340  29
341  27
342  18
343  36
344  25
345  34
346  21
347  36
348  35
349  46
350  26
351  28
352  42
353  36
354  40
355  30
356  30
357  17
358  40
359  18
360  30
361  17
362  29
363  18
364  19
365  14
366  13
367  15
368  14
369  16
370  10
371  11
372  12
373  13
374  7
375  6
376  5
377  4
378  2
379  1
380  5
381  3
382  5
383  2
384  0
385  4
386  4
387  6
388  1
389  1
390  0
391  6
392  3
393  3
394  5
395  5
396  1
397  5
398  1
399  2
400  3
401  1
402  4
403  1
404  1
405  2
406  3
407  0
408  1
409  3
410  2
411  4
412  1
413  5
414  2
415  1
416  0
417  3
418  2
419  2
420  0
421  2
422  3
423  0
424  0
425  0
426  2
427  2
428  1
429  1
430  3
431  1
432  0
433  1
434  2
435  1
436  0
437  1
438  1
439  0
440  2
441  1
442  1
443  1
444  1
445  0
446  0
447  1
448  0
449  0
450  0
451  1
452  0
453  2
454  3
455  1
456  1
457  0
458  0
459  1
460  0
461  2
462  0
463  0
464  1
465  0
466  0
467  0
468  0
469  1
470  2
471  1
472  2
473  1
474  0
475  2
476  0
477  0
478  0
479  0
480  0
481  2
482  2
483  1
484  0
485  0
486  3
487  0
488  0
489  0
490  2
491  1
492  0
493  0
494  0
495  0
496  0
497  0
498  0
499  2
500  0
501  1
502  0
503  0
504  2
505  0
506  0
507  0
508  0
509  1
510  0
511  2
512  2
513  0
514  0
515  0
516  0
517  0
518  1
519  0
520  0
521  0
522  0
523  1
524  0
525  0
526  1
527  1
528  0
529  0
530  0
531  1
532  0
533  0
534  0
535  0
536  0
537  1
538  1
539  0
540  0
541  1
542  0
543  0
544  0
545  0
546  0
547  0
548  0
549  0
550  0
551  1
552  1
553  0
554  0
555  0
556  0
557  0
558  0
559  0
560  0
561  1
562  0
563  0
564  1
565  2
566  0
567  0
568  1
569  0
570  0
571  1
572  0
573  0
574  0
575  0
576  0
577  0
578  0
579  0
580  0
581  0
582  0
583  0
584  0
585  0
586  0
587  0
588  0
589  0
590  0
591  0
592  0
593  0
594  0
595  0
596  0
597  0
598  0
599  0
600  0
601  0
602  0
603  0
604  0
605  0
606  0
607  0
608  0
609  0
610  0
611  0
612  0
613  0
614  0
615  0
616  0
617  0
618  0
619  0
620  0
621  0
622  0
623  0
624  0
625  0
626  0
627  0
628  0
629  0
630  0
631  0
632  0
633  0
634  0
635  0
636  0
637  0
638  0
639  0
640  0
641  0
642  0
643  0
644  0
645  0
646  0
647  0
648  0
649  0
650  0
651  0
652  0
653  0
654  0
655  0
656  0
657  0
658  0
659  0
660  0
661  0
662  0
663  0
664  0
665  0
666  0
667  0
668  0
669  0
670  0
671  0
672  0
673  0
674  0
675  0
676  0
677  0
678  0
679  0
680  0
681  0
682  0
683  0
684  0
685  0
686  0
687  0
688  0
689  0
690  0
691  0
692  0
693  0
694  0
695  0
696  0
697  0
698  0
699  0
700  0
701  0
702  0
703  0
704  0
705  0
706  0
707  0
708  0
709  0
710  0
711  0
712  0
713  0
714  0
715  0
716  0
717  0
718  0
719  0
720  0
721  0
722  0
723  0
724  0
725  0
726  0
727  0
728  0
729  0
730  0
731  0
732  0
733  0
734  0
735  0
736  0
737  0
738  0
739  0
740  0
741  0
742  0
743  0
744  0
745  0
746  0
747  0
748  0
749  0
750  0
751  0
752  0
753  0
754  0
755  0
756  0
757  0
758  0
759  0
760  0
761  0
762  0
763  0
764  0
765  0
766  0
767  0
768  0
769  0
770  0
771  0
772  0
773  0
774  0
775  0
776  0
777  0
778  0
779  0
780  0
781  0
782  0
783  0
784  0
785  0
786  0
787  0
788  0
789  0
790  0
791  0
792  0
793  0
794  0
795  0
796  0
797  0
798  0
799  0
800  0
801  0
802  0
803  0
804  0
805  0
806  0
807  0
808  0
809  0
810  0
811  0
812  0
813  0
814  0
815  0
816  0
817  0
818  0
819  0
820  0
821  0
822  0
823  0
824  0
825  0
826  0
827  0
828  0
829  0
830  0
831  0
832  0
833  0
834  0
835  0
836  0
837  0
838  0
839  0
840  0
841  0
842  0
843  0
844  0
845  0
846  0
847  0
848  0
849  0
850  0
851  0
852  0
853  0
854  0
855  0
856  0
857  0
858  0
859  0
860  0
861  0
862  0
863  0
864  0
865  0
866  0
867  0
868  0
869  0
870  0
871  0
872  0
873  0
874  0
875  0
876  0
877  0
878  0
879  0
880  0
881  0
882  0
883  0
884  0
885  0
886  0
887  0
888  0
889  0
890  0
891  0
892  0
893  0
894  0
895  0
896  0
897  0
898  0
899  0
900  0
901  0
902  0
903  0
904  0
905  0
906  0
907  0
908  0
909  0
910  0
911  0
912  0
913  0
914  0
915  0
916  0
917  0
918  0
919  0
920  0
921  0
922  0
923  0
924  0
925  0
926  0
927  0
928  0
929  0
930  0
931  0
932  0
933  0
934  0
935  0
936  0
937  0
938  0
939  0
940  0
941  0
942  0
943  0
944  0
945  0
946  0
947  0
948  0
949  0
950  0
951  0
952  0
953  0
954  0
955  0
956  0
957  0
958  0
959  0
960  0
961  0
962  0
963  0
964  0
965  0
966  0
967  0
968  0
969  0
970  0
971  0
972  0
973  0
974  0
975  0
976  0
977  0
978  0
979  0
980  0
981  0
982  1
983  0
984  0
985  0
986  0
987  0
988  0
989  0
990  0
991  0
992  0
993  0
994  0
995  0
996  0
997  0
998  0
999  0
1000  0
1001  0
1002  0
1003  1
1004  0
1005  0
1006  0
1007  1
1008  0
1009  0
1010  0
1011  1
1012  0
1013  0
1014  1
1015  0
1016  0
1017  0
1018  0
1019  2
1020  1
1021  0
1022  1
1023  0
