0  0
1  0
2  0
3  0
4  0
5  0
6  0
7  0
8  0
9  0
10  0
11  0
12  0
13  0
14  0
15  77
16  64
17  53
18  67
19  57
20  56
21  59
22  59
23  63
24  62
25  54
26  65
27  74
28  57
29  63
30  59
31  57
32  66
33  58
34  82
35  63
36  71
37  62
38  53
39  66
40  67
41  64
42  55
43  65
44  69
45  95
46  72
47  71
48  75
49  78
50  92
51  80
52  85
53  94
54  89
55  85
56  59
57  71
58  65
59  68
60  77
61  64
62  123
63  437
64  576
65  522
66  528
67  515
68  525
69  459
70  476
71  426
72  418
73  428
74  415
75  412
76  372
77  396
78  351
79  350
80  354
81  312
82  334
83  299
84  314
85  315
86  312
87  263
88  310
89  302
90  270
91  247
92  296
93  261
94  252
95  271
96  238
97  216
98  259
99  223
100  208
101  188
102  209
103  190
104  200
105  189
106  177
107  163
108  152
109  135
110  136
111  124
112  136
113  110
114  139
115  124
116  140
117  160
118  132
119  150
120  127
121  152
122  156
123  150
124  170
125  192
126  204
127  227
128  223
129  236
130  328
131  306
132  336
133  338
134  363
135  368
136  425
137  423
138  415
139  426
140  473
141  454
142  476
143  430
144  506
145  472
146  487
147  494
148  536
149  536
150  489
151  507
152  485
153  450
154  438
155  407
156  372
157  318
158  263
159  227
160  176
161  159
162  139
163  117
164  93
165  72
166  75
167  66
168  54
169  45
170  43
171  49
172  32
173  41
174  47
175  54
176  41
177  33
178  44
179  55
180  41
181  49
182  33
183  40
184  49
185  49
186  40
187  45
188  43
189  51
190  38
191  35
192  50
193  57
194  31
195  48
196  40
197  46
198  45
199  28
200  48
201  44
202  43
203  35
204  38
205  40
206  27
207  48
208  53
209  48
210  39
211  34
212  50
213  40
214  42
215  40
216  36
217  49
218  38
219  41
220  36
221  37
222  43
223  43
224  35
225  44
226  32
227  38
228  36
229  33
230  43
231  34
232  51
233  44
234  34
235  36
236  40
237  46
238  41
239  29
240  42
241  47
242  32
243  37
244  49
245  39
246  38
247  41
248  37
249  39
250  41
251  33
252  43
253  41
254  30
255  37
256  43
257  42
258  39
259  36
260  51
261  60
262  39
263  41
264  37
265  32
266  46
267  44
268  47
269  40
270  46
271  39
272  44
273  37
274  52
275  43
276  37
277  37
278  40
279  43
280  46
281  39
282  40
283  47
284  40
285  37
286  33
287  46
288  42
289  49
290  29
291  28
292  43
293  31
294  35
295  39
296  33
297  26
298  28
299  24
300  26
301  17
302  28
303  33
304  27
305  20
306  28
307  19
308  25
309  23
310  21
311  24
312  12
313  16
314  18
315  16
316  17
317  14
318  14
319  20
320  18
321  19
322  18
323  15
324  17
325  27
326  22
327  17
328  20
329  18
330  19
331  15
332  24
333  28
334  29
335  30
336  29
337  36
338  38
339  30
340  40
341  51
342  44
343  47
344  51
345  41
346  38
347  46
348  60
349  64
350  51
351  56
352  56
353  53
354  54
355  57
356  53
357  60
358  57
359  47
360  45
361  40
362  46
363  52
364  48
365  41
366  36
367  27
368  37
369  25
370  31
371  20
372  29
373  23
374  18
375  14
376  23
377  14
378  12
379  14
380  5
381  8
382  5
383  4
384  3
385  7
386  10
387  4
388  4
389  6
390  9
391  6
392  6
393  5
394  3
395  6
396  2
397  2
398  6
399  8
400  9
401  3
402  4
403  6
404  4
405  6
406  6
407  4
408  6
409  5
410  3
411  2
412  6
413  3
414  3
415  7
416  3
417  7
418  4
419  0
420  1
421  4
422  4
423  3
424  3
425  0
426  3
427  5
428  1
429  2
430  0
431  2
432  1
433  3
434  0
435  1
436  1
437  2
438  1
439  0
440  1
441  1
442  2
443  3
444  4
445  1
446  2
447  1
448  2
449  0
450  1
451  1
452  1
453  1
454  0
455  0
456  1
457  2
458  2
459  0
460  1
461  3
462  1
463  1
464  1
465  0
466  2
467  3
468  0
469  2
470  1
471  1
472  2
473  2
474  1
475  2
476  2
477  1
478  2
479  4
480  1
481  1
482  3
483  0
484  1
485  1
486  0
487  1
488  0
489  0
490  2
491  1
492  3
493  0
494  2
495  1
496  1
497  1
498  1
499  0
500  3
501  0
502  1
503  2
504  1
505  1
506  1
507  0
508  0
509  1
510  0
511  1
512  0
513  0
514  1
515  0
516  0
517  1
518  0
519  0
520  2
521  3
522  0
523  1
524  1
525  0
526  1
527  1
528  1
529  1
530  1
531  0
532  0
533  0
534  1
535  0
536  1
537  1
538  1
539  0
540  0
541  0
542  2
543  0
544  0
545  0
546  0
547  0
548  1
549  1
550  2
551  0
552  0
553  1
554  0
555  1
556  3
557  0
558  1
559  1
560  1
561  0
562  0
563  0
564  0
565  0
566  0
567  1
568  0
569  0
570  0
571  0
572  0
573  0
574  0
575  1
576  2
577  1
578  0
579  0
580  0
581  1
582  0
583  1
584  3
585  2
586  0
587  0
588  0
589  0
590  0
591  0
592  0
593  0
594  0
595  0
596  0
597  0
598  0
599  0
600  0
601  0
602  0
603  0
604  0
605  0
606  0
607  0
608  0
609  0
610  0
611  0
612  0
613  0
614  0
615  0
616  0
617  0
618  0
619  0
620  0
621  0
622  0
623  0
624  0
625  0
626  0
627  0
628  0
629  1
630  0
631  0
632  0
633  0
634  0
635  0
636  0
637  0
638  0
639  0
640  0
641  0
642  0
643  0
644  0
645  0
646  0
647  0
648  0
649  0
650  0
651  0
652  0
653  0
654  0
655  0
656  0
657  0
658  0
659  0
660  0
661  0
662  0
663  0
664  0
665  0
666  0
667  0
668  0
669  0
670  0
671  0
672  0
673  0
674  0
675  0
676  0
677  0
678  0
679  0
680  0
681  0
682  0
683  0
684  0
685  0
686  0
687  0
688  0
689  0
690  0
691  0
692  0
693  0
694  0
695  0
696  0
697  0
698  0
699  0
700  0
701  0
702  0
703  0
704  0
705  0
706  0
707  0
708  0
709  0
710  0
711  0
712  0
713  0
714  0
715  0
716  0
717  0
718  0
719  0
720  0
721  0
722  0
723  0
724  0
725  0
726  0
727  0
728  0
729  0
730  0
731  0
732  0
733  0
734  0
735  0
736  0
737  0
738  0
739  0
740  0
741  0
742  0
743  0
744  0
745  0
746  0
747  0
748  0
749  0
750  0
751  0
752  0
753  0
754  0
755  0
756  0
757  0
758  0
759  0
760  0
761  0
762  0
763  0
764  0
765  0
766  0
767  0
768  0
769  0
770  0
771  0
772  0
773  0
774  0
775  0
776  0
777  0
778  0
779  0
780  0
781  0
782  0
783  0
784  0
785  0
786  0
787  0
788  0
789  0
790  0
791  0
792  0
793  0
794  0
795  0
796  0
797  0
798  0
799  0
800  0
801  0
802  0
803  0
804  0
805  0
806  0
807  0
808  0
809  0
810  0
811  0
812  0
813  0
814  0
815  0
816  0
817  0
818  0
819  0
820  0
821  0
822  0
823  0
824  0
825  0
826  0
827  0
828  0
829  0
830  0
831  0
832  0
833  0
834  0
835  0
836  0
837  0
838  0
839  0
840  0
841  0
842  0
843  0
844  0
845  0
846  0
847  0
848  0
849  0
850  0
851  0
852  0
853  0
854  0
855  0
856  0
857  0
858  0
859  0
860  0
861  0
862  0
863  0
864  0
865  0
866  0
867  0
868  0
869  0
870  0
871  0
872  0
873  0
874  0
875  0
876  0
877  0
878  0
879  0
880  0
881  0
882  0
883  0
884  0
885  0
886  0
887  0
888  0
889  0
890  0
891  0
892  0
893  0
894  0
895  0
896  0
897  0
898  0
899  0
900  0
901  0
902  0
903  0
904  0
905  0
906  0
907  0
908  0
909  0
910  0
911  0
912  0
913  0
914  0
915  0
916  0
917  0
918  0
919  0
920  0
921  0
922  0
923  0
924  0
925  0
926  0
927  0
928  0
929  0
930  0
931  0
932  0
933  0
934  0
935  0
936  0
937  0
938  0
939  0
940  0
941  0
942  0
943  0
944  0
945  0
946  0
947  0
948  0
949  0
950  0
951  0
952  0
953  0
954  0
955  0
956  0
957  0
958  0
959  0
960  0
961  0
962  0
963  0
964  0
965  0
966  0
967  0
968  0
969  0
970  0
971  0
972  0
973  0
974  0
975  0
976  0
977  0
978  0
979  0
980  0
981  0
982  0
983  0
984  0
985  0
986  0
987  0
988  0
989  0
990  0
991  0
992  2
993  0
994  0
995  1
996  1
997  0
998  0
999  0
1000  1
1001  0
1002  0
1003  0
1004  0
1005  0
1006  0
1007  3
1008  2
1009  0
1010  1
1011  0
1012  0
1013  0
1014  2
1015  0
1016  0
1017  0
1018  1
1019  2
1020  1
1021  1
1022  1
1023  4
