0  0
1  0
2  0
3  0
4  0
5  0
6  0
7  0
8  0
9  0
10  0
11  0
12  0
13  0
14  0
15  42
16  44
17  45
18  54
19  45
20  56
21  41
22  38
23  50
24  63
25  39
26  48
27  46
28  50
29  46
30  46
31  50
32  56
33  40
34  64
35  34
36  41
37  49
38  51
39  54
40  58
41  58
42  53
43  70
44  49
45  60
46  50
47  44
48  55
49  56
50  52
51  45
52  52
53  61
54  66
55  54
56  74
57  66
58  66
59  71
60  59
61  59
62  82
63  57
64  61
65  61
66  66
67  56
68  54
69  51
70  49
71  52
72  45
73  38
74  59
75  50
76  19
77  180
78  656
79  686
80  667
81  654
82  707
83  641
84  619
85  593
86  595
87  618
88  614
89  597
90  610
91  568
92  548
93  532
94  515
95  500
96  479
97  455
98  451
99  427
100  434
101  409
102  418
103  336
104  376
105  369
106  336
107  306
108  289
109  286
110  289
111  246
112  251
113  220
114  246
115  257
116  225
117  218
118  231
119  207
120  245
121  216
122  234
123  255
124  234
125  261
126  285
127  294
128  371
129  403
130  403
131  489
132  504
133  642
134  649
135  791
136  838
137  964
138  1028
139  1059
140  1116
141  1178
142  1244
143  1290
144  1264
145  1292
146  1286
147  1213
148  1148
149  1114
150  1078
151  1040
152  901
153  879
154  759
155  662
156  600
157  514
158  449
159  421
160  346
161  291
162  250
163  246
164  183
165  194
166  183
167  158
168  140
169  105
170  149
171  116
172  115
173  116
174  112
175  105
176  99
177  112
178  114
179  86
180  94
181  87
182  94
183  104
184  93
185  110
186  85
187  91
188  73
189  99
190  83
191  108
192  83
193  90
194  89
195  93
196  82
197  93
198  89
199  104
200  91
201  88
202  80
203  95
204  88
205  80
206  96
207  103
208  79
209  79
210  90
211  99
212  96
213  97
214  85
215  86
216  95
217  86
218  101
219  78
220  102
221  93
222  88
223  91
224  88
225  81
226  88
227  83
228  106
229  95
230  74
231  80
232  88
233  93
234  78
235  92
236  99
237  98
238  94
239  79
240  89
241  70
242  77
243  98
244  95
245  80
246  86
247  84
248  96
249  88
250  102
251  104
252  86
253  98
254  92
255  92
256  106
257  85
258  99
259  101
260  106
261  104
262  82
263  75
264  91
265  82
266  90
267  62
268  90
269  76
270  75
271  83
272  77
273  94
274  78
275  68
276  78
277  76
278  72
279  70
280  64
281  61
282  52
283  61
284  57
285  56
286  70
287  55
288  37
289  58
290  51
291  51
292  45
293  51
294  40
295  44
296  39
297  32
298  49
299  49
300  48
301  43
302  40
303  45
304  31
305  42
306  44
307  36
308  36
309  53
310  56
311  59
312  56
313  61
314  70
315  65
316  78
317  65
318  72
319  87
320  108
321  87
322  113
323  106
324  128
325  115
326  113
327  129
328  117
329  129
330  134
331  162
332  139
333  142
334  164
335  134
336  129
337  148
338  129
339  126
340  147
341  129
342  121
343  138
344  110
345  111
346  109
347  116
348  122
349  96
350  92
351  67
352  89
353  81
354  64
355  66
356  62
357  57
358  38
359  61
360  55
361  39
362  49
363  42
364  41
365  34
366  40
367  43
368  26
369  21
370  33
371  24
372  37
373  22
374  21
375  16
376  19
377  21
378  16
379  28
380  14
381  19
382  21
383  18
384  16
385  16
386  11
387  21
388  12
389  17
390  9
391  19
392  15
393  15
394  8
395  7
396  15
397  10
398  15
399  12
400  10
401  11
402  14
403  10
404  2
405  10
406  13
407  6
408  7
409  3
410  7
411  8
412  12
413  6
414  9
415  9
416  6
417  2
418  7
419  10
420  6
421  2
422  7
423  4
424  4
425  7
426  4
427  5
428  4
429  3
430  4
431  4
432  4
433  3
434  8
435  6
436  5
437  3
438  3
439  6
440  5
441  6
442  6
443  8
444  3
445  4
446  9
447  5
448  8
449  5
450  6
451  5
452  6
453  6
454  2
455  3
456  3
457  3
458  4
459  6
460  2
461  3
462  5
463  6
464  11
465  5
466  7
467  3
468  6
469  3
470  8
471  6
472  5
473  4
474  6
475  1
476  6
477  5
478  6
479  5
480  6
481  2
482  4
483  2
484  2
485  4
486  4
487  3
488  4
489  5
490  4
491  3
492  4
493  4
494  1
495  4
496  4
497  2
498  2
499  1
500  3
501  0
502  2
503  1
504  2
505  1
506  0
507  2
508  2
509  1
510  3
511  3
512  3
513  0
514  3
515  0
516  0
517  1
518  0
519  2
520  1
521  1
522  0
523  4
524  1
525  2
526  3
527  4
528  2
529  3
530  2
531  3
532  2
533  2
534  0
535  1
536  0
537  2
538  0
539  1
540  2
541  1
542  0
543  4
544  0
545  2
546  2
547  0
548  2
549  0
550  1
551  0
552  0
553  2
554  0
555  1
556  2
557  0
558  2
559  2
560  2
561  0
562  0
563  3
564  2
565  0
566  1
567  1
568  0
569  3
570  3
571  1
572  1
573  0
574  1
575  1
576  0
577  0
578  0
579  0
580  4
581  0
582  5
583  1
584  1
585  1
586  2
587  2
588  2
589  1
590  0
591  2
592  1
593  3
594  1
595  0
596  1
597  2
598  0
599  0
600  1
601  4
602  0
603  1
604  0
605  1
606  1
607  0
608  0
609  4
610  0
611  1
612  1
613  0
614  0
615  0
616  0
617  1
618  0
619  1
620  1
621  2
622  1
623  0
624  1
625  0
626  1
627  2
628  1
629  0
630  1
631  1
632  0
633  1
634  0
635  1
636  1
637  0
638  1
639  4
640  0
641  1
642  3
643  2
644  3
645  1
646  1
647  1
648  1
649  1
650  3
651  1
652  0
653  0
654  0
655  0
656  0
657  1
658  2
659  2
660  2
661  2
662  1
663  1
664  0
665  0
666  0
667  1
668  1
669  1
670  1
671  1
672  0
673  0
674  2
675  1
676  1
677  0
678  0
679  0
680  0
681  2
682  1
683  1
684  1
685  1
686  0
687  0
688  0
689  0
690  2
691  1
692  1
693  0
694  0
695  2
696  0
697  0
698  1
699  1
700  1
701  0
702  0
703  0
704  1
705  0
706  0
707  0
708  0
709  0
710  0
711  0
712  1
713  0
714  0
715  0
716  0
717  0
718  0
719  1
720  0
721  0
722  0
723  1
724  1
725  1
726  0
727  0
728  1
729  0
730  1
731  0
732  1
733  0
734  0
735  0
736  0
737  0
738  1
739  0
740  0
741  0
742  0
743  0
744  0
745  0
746  0
747  0
748  1
749  0
750  0
751  0
752  1
753  1
754  0
755  0
756  0
757  0
758  0
759  0
760  0
761  1
762  0
763  0
764  0
765  0
766  0
767  0
768  0
769  0
770  0
771  0
772  3
773  0
774  0
775  0
776  0
777  0
778  0
779  0
780  0
781  1
782  0
783  0
784  0
785  0
786  0
787  0
788  0
789  0
790  0
791  0
792  0
793  0
794  0
795  0
796  0
797  1
798  0
799  0
800  1
801  0
802  0
803  0
804  0
805  0
806  0
807  0
808  0
809  0
810  0
811  0
812  2
813  0
814  0
815  0
816  1
817  1
818  0
819  0
820  0
821  0
822  0
823  0
824  0
825  0
826  0
827  0
828  0
829  0
830  0
831  0
832  0
833  0
834  0
835  0
836  0
837  0
838  0
839  0
840  0
841  0
842  0
843  0
844  0
845  0
846  0
847  0
848  0
849  1
850  0
851  0
852  0
853  0
854  0
855  0
856  0
857  0
858  0
859  0
860  0
861  0
862  0
863  0
864  0
865  0
866  0
867  0
868  0
869  0
870  0
871  0
872  0
873  0
874  0
875  0
876  0
877  0
878  0
879  0
880  0
881  0
882  1
883  0
884  0
885  0
886  1
887  0
888  0
889  0
890  0
891  0
892  0
893  0
894  0
895  0
896  0
897  0
898  0
899  0
900  0
901  0
902  0
903  0
904  0
905  0
906  0
907  0
908  0
909  0
910  0
911  0
912  0
913  0
914  0
915  0
916  0
917  0
918  0
919  1
920  0
921  0
922  0
923  0
924  0
925  0
926  0
927  0
928  0
929  0
930  0
931  0
932  0
933  0
934  0
935  0
936  0
937  0
938  0
939  0
940  0
941  0
942  0
943  0
944  0
945  0
946  0
947  0
948  0
949  0
950  0
951  0
952  0
953  0
954  0
955  0
956  0
957  0
958  0
959  0
960  0
961  0
962  0
963  0
964  0
965  0
966  0
967  0
968  0
969  0
970  0
971  0
972  0
973  0
974  0
975  0
976  0
977  0
978  0
979  0
980  0
981  0
982  0
983  0
984  0
985  0
986  0
987  0
988  0
989  0
990  0
991  1
992  0
993  0
994  0
995  0
996  0
997  0
998  0
999  0
1000  0
1001  0
1002  0
1003  0
1004  0
1005  1
1006  0
1007  0
1008  0
1009  0
1010  0
1011  0
1012  0
1013  0
1014  0
1015  1
1016  0
1017  1
1018  0
1019  1
1020  0
1021  1
1022  1
1023  3
