0  0
1  0
2  0
3  0
4  0
5  0
6  0
7  0
8  0
9  0
10  0
11  0
12  0
13  0
14  0
15  0
16  0
17  0
18  0
19  0
20  2
21  0
22  0
23  2
24  0
25  0
26  0
27  0
28  0
29  0
30  0
31  1
32  0
33  0
34  2
35  0
36  0
37  0
38  0
39  0
40  1
41  0
42  1
43  0
44  0
45  0
46  0
47  0
48  0
49  0
50  1
51  0
52  0
53  0
54  0
55  0
56  0
57  0
58  0
59  0
60  0
61  3
62  31
63  89
64  107
65  86
66  89
67  100
68  66
69  78
70  78
71  73
72  67
73  66
74  80
75  72
76  81
77  62
78  73
79  67
80  59
81  64
82  51
83  46
84  41
85  47
86  41
87  40
88  55
89  38
90  46
91  41
92  38
93  29
94  37
95  29
96  24
97  38
98  35
99  28
100  34
101  34
102  35
103  26
104  25
105  21
106  20
107  29
108  25
109  28
110  29
111  31
112  16
113  17
114  17
115  18
116  19
117  16
118  24
119  13
120  15
121  18
122  24
123  13
124  16
125  16
126  12
127  11
128  16
129  13
130  8
131  7
132  12
133  18
134  10
135  12
136  8
137  9
138  14
139  10
140  7
141  13
142  10
143  12
144  11
145  14
146  12
147  20
148  13
149  14
150  15
151  13
152  4
153  7
154  9
155  9
156  10
157  14
158  11
159  8
160  8
161  14
162  6
163  9
164  5
165  10
166  11
167  11
168  12
169  8
170  7
171  13
172  6
173  8
174  11
175  8
176  7
177  3
178  5
179  9
180  4
181  4
182  9
183  6
184  7
185  7
186  5
187  8
188  4
189  7
190  6
191  12
192  9
193  10
194  1
195  3
196  5
197  12
198  3
199  11
200  6
201  9
202  6
203  5
204  2
205  7
206  3
207  3
208  8
209  4
210  5
211  2
212  6
213  4
214  7
215  2
216  3
217  3
218  5
219  7
220  2
221  7
222  3
223  7
224  5
225  8
226  5
227  3
228  7
229  2
230  3
231  6
232  1
233  5
234  3
235  6
236  3
237  4
238  4
239  5
240  3
241  4
242  3
243  4
244  4
245  6
246  5
247  5
248  4
249  3
250  3
251  3
252  5
253  6
254  5
255  3
256  4
257  2
258  4
259  3
260  4
261  3
262  7
263  7
264  5
265  8
266  1
267  5
268  1
269  5
270  4
271  5
272  6
273  5
274  4
275  3
276  2
277  3
278  1
279  4
280  4
281  2
282  4
283  2
284  3
285  5
286  1
287  2
288  1
289  3
290  1
291  3
292  3
293  4
294  2
295  2
296  0
297  5
298  1
299  3
300  3
301  7
302  2
303  3
304  4
305  2
306  4
307  2
308  4
309  7
310  5
311  6
312  3
313  5
314  2
315  3
316  3
317  0
318  3
319  1
320  4
321  2
322  3
323  0
324  4
325  5
326  3
327  3
328  3
329  0
330  0
331  4
332  6
333  1
334  3
335  1
336  3
337  2
338  1
339  1
340  2
341  2
342  2
343  6
344  0
345  1
346  3
347  6
348  2
349  0
350  2
351  1
352  0
353  2
354  1
355  2
356  1
357  3
358  4
359  0
360  1
361  0
362  0
363  0
364  2
365  1
366  1
367  2
368  1
369  2
370  0
371  1
372  2
373  1
374  0
375  1
376  1
377  2
378  1
379  0
380  4
381  4
382  1
383  0
384  1
385  4
386  1
387  3
388  4
389  1
390  0
391  1
392  1
393  0
394  2
395  2
396  5
397  4
398  0
399  1
400  1
401  2
402  1
403  0
404  1
405  4
406  0
407  2
408  5
409  3
410  0
411  2
412  0
413  0
414  2
415  2
416  1
417  0
418  1
419  1
420  2
421  2
422  3
423  1
424  1
425  1
426  1
427  1
428  2
429  0
430  0
431  0
432  0
433  1
434  0
435  1
436  1
437  2
438  0
439  2
440  1
441  0
442  0
443  0
444  0
445  1
446  1
447  0
448  1
449  1
450  1
451  1
452  0
453  0
454  2
455  1
456  0
457  0
458  1
459  0
460  1
461  0
462  0
463  1
464  0
465  0
466  0
467  1
468  1
469  1
470  2
471  1
472  1
473  0
474  0
475  2
476  0
477  1
478  0
479  0
480  0
481  1
482  1
483  0
484  1
485  0
486  1
487  0
488  0
489  0
490  0
491  0
492  0
493  0
494  1
495  0
496  0
497  0
498  0
499  0
500  0
501  1
502  1
503  0
504  2
505  0
506  0
507  0
508  0
509  0
510  1
511  0
512  1
513  0
514  0
515  0
516  0
517  1
518  0
519  0
520  0
521  0
522  1
523  1
524  1
525  0
526  0
527  1
528  0
529  0
530  1
531  1
532  2
533  2
534  0
535  0
536  0
537  0
538  0
539  0
540  0
541  0
542  0
543  0
544  0
545  0
546  0
547  0
548  0
549  0
550  0
551  0
552  0
553  1
554  0
555  0
556  0
557  0
558  0
559  1
560  1
561  0
562  1
563  0
564  1
565  0
566  0
567  0
568  2
569  2
570  0
571  0
572  0
573  0
574  0
575  0
576  1
577  1
578  1
579  0
580  0
581  0
582  0
583  0
584  0
585  0
586  0
587  0
588  0
589  0
590  0
591  0
592  0
593  0
594  0
595  0
596  0
597  0
598  0
599  0
600  0
601  1
602  0
603  0
604  0
605  0
606  0
607  0
608  0
609  0
610  0
611  0
612  0
613  0
614  0
615  0
616  0
617  0
618  0
619  0
620  0
621  0
622  0
623  0
624  0
625  0
626  0
627  0
628  1
629  0
630  0
631  0
632  0
633  0
634  0
635  0
636  0
637  0
638  0
639  0
640  0
641  0
642  0
643  0
644  0
645  0
646  0
647  0
648  0
649  0
650  0
651  0
652  0
653  0
654  0
655  0
656  0
657  0
658  0
659  0
660  0
661  0
662  0
663  0
664  0
665  0
666  0
667  0
668  0
669  0
670  0
671  0
672  0
673  0
674  0
675  0
676  0
677  0
678  0
679  0
680  0
681  0
682  0
683  0
684  0
685  0
686  0
687  0
688  0
689  0
690  0
691  0
692  0
693  0
694  0
695  0
696  0
697  0
698  0
699  0
700  0
701  0
702  0
703  0
704  0
705  0
706  0
707  0
708  0
709  0
710  0
711  0
712  0
713  0
714  0
715  0
716  0
717  0
718  0
719  0
720  0
721  0
722  0
723  0
724  0
725  0
726  0
727  0
728  0
729  0
730  0
731  0
732  0
733  0
734  0
735  0
736  0
737  0
738  0
739  0
740  0
741  0
742  0
743  0
744  0
745  0
746  0
747  0
748  0
749  0
750  0
751  0
752  0
753  0
754  0
755  0
756  0
757  0
758  0
759  0
760  0
761  0
762  0
763  0
764  0
765  0
766  0
767  0
768  0
769  0
770  0
771  0
772  0
773  0
774  0
775  0
776  0
777  0
778  0
779  0
780  0
781  0
782  0
783  0
784  0
785  0
786  0
787  0
788  0
789  0
790  0
791  0
792  0
793  0
794  0
795  0
796  0
797  0
798  0
799  0
800  0
801  0
802  0
803  0
804  0
805  0
806  0
807  0
808  0
809  0
810  0
811  0
812  0
813  0
814  0
815  0
816  0
817  0
818  0
819  0
820  0
821  0
822  0
823  0
824  0
825  0
826  0
827  0
828  0
829  0
830  0
831  0
832  0
833  0
834  0
835  0
836  0
837  0
838  0
839  0
840  0
841  0
842  0
843  0
844  0
845  0
846  0
847  0
848  0
849  0
850  0
851  0
852  0
853  0
854  0
855  0
856  0
857  0
858  0
859  0
860  0
861  0
862  0
863  0
864  0
865  0
866  0
867  0
868  0
869  0
870  0
871  0
872  0
873  0
874  0
875  0
876  0
877  0
878  0
879  0
880  0
881  0
882  0
883  0
884  0
885  0
886  0
887  0
888  0
889  0
890  0
891  0
892  0
893  0
894  0
895  0
896  0
897  0
898  0
899  0
900  0
901  0
902  0
903  0
904  0
905  0
906  0
907  0
908  0
909  0
910  0
911  0
912  0
913  0
914  0
915  0
916  0
917  0
918  0
919  0
920  0
921  0
922  0
923  0
924  0
925  0
926  0
927  0
928  0
929  0
930  0
931  0
932  0
933  0
934  0
935  0
936  0
937  0
938  0
939  0
940  0
941  0
942  0
943  0
944  0
945  0
946  0
947  0
948  0
949  0
950  0
951  0
952  0
953  0
954  0
955  0
956  0
957  0
958  0
959  0
960  0
961  0
962  0
963  0
964  0
965  0
966  0
967  0
968  0
969  0
970  0
971  0
972  0
973  0
974  0
975  0
976  0
977  0
978  0
979  0
980  0
981  0
982  0
983  0
984  0
985  0
986  0
987  0
988  0
989  0
990  0
991  0
992  0
993  0
994  0
995  0
996  0
997  0
998  0
999  0
1000  0
1001  0
1002  0
1003  0
1004  0
1005  0
1006  0
1007  1
1008  0
1009  0
1010  0
1011  0
1012  0
1013  0
1014  1
1015  0
1016  0
1017  0
1018  0
1019  0
1020  0
1021  0
1022  0
1023  0
