0  0
1  0
2  0
3  0
4  0
5  0
6  0
7  0
8  0
9  0
10  0
11  0
12  0
13  0
14  0
15  2
16  7
17  8
18  3
19  9
20  7
21  7
22  2
23  6
24  9
25  8
26  4
27  7
28  8
29  10
30  5
31  8
32  9
33  4
34  6
35  13
36  5
37  13
38  10
39  12
40  8
41  11
42  10
43  19
44  11
45  7
46  10
47  13
48  12
49  14
50  5
51  6
52  9
53  11
54  11
55  8
56  9
57  15
58  9
59  9
60  6
61  8
62  10
63  10
64  14
65  5
66  6
67  8
68  6
69  7
70  8
71  9
72  6
73  11
74  8
75  10
76  4
77  47
78  255
79  374
80  367
81  344
82  366
83  362
84  302
85  329
86  302
87  321
88  278
89  270
90  275
91  266
92  265
93  271
94  235
95  241
96  253
97  242
98  227
99  211
100  228
101  219
102  207
103  194
104  203
105  178
106  173
107  173
108  161
109  165
110  147
111  166
112  127
113  160
114  158
115  121
116  148
117  147
118  127
119  129
120  103
121  113
122  126
123  100
124  102
125  100
126  121
127  110
128  121
129  115
130  109
131  124
132  122
133  145
134  129
135  142
136  125
137  128
138  140
139  137
140  159
141  144
142  163
143  179
144  138
145  155
146  182
147  160
148  143
149  141
150  103
151  128
152  108
153  124
154  107
155  125
156  94
157  98
158  84
159  80
160  72
161  75
162  69
163  75
164  60
165  53
166  68
167  62
168  68
169  56
170  62
171  54
172  55
173  58
174  56
175  60
176  54
177  57
178  50
179  39
180  41
181  43
182  39
183  33
184  57
185  32
186  40
187  47
188  38
189  49
190  32
191  41
192  47
193  39
194  37
195  32
196  44
197  30
198  33
199  50
200  43
201  33
202  40
203  28
204  54
205  39
206  41
207  36
208  27
209  36
210  24
211  30
212  33
213  25
214  25
215  31
216  27
217  29
218  30
219  26
220  32
221  25
222  40
223  29
224  35
225  34
226  29
227  19
228  31
229  31
230  32
231  36
232  24
233  23
234  30
235  31
236  33
237  24
238  33
239  27
240  26
241  23
242  41
243  36
244  30
245  22
246  34
247  27
248  40
249  31
250  35
251  29
252  28
253  27
254  27
255  26
256  31
257  31
258  29
259  23
260  34
261  24
262  33
263  33
264  31
265  30
266  25
267  21
268  28
269  25
270  22
271  32
272  29
273  19
274  20
275  28
276  24
277  19
278  18
279  22
280  19
281  16
282  24
283  19
284  22
285  14
286  22
287  13
288  13
289  23
290  8
291  16
292  27
293  8
294  12
295  18
296  17
297  17
298  18
299  19
300  14
301  17
302  21
303  16
304  19
305  13
306  16
307  18
308  17
309  12
310  14
311  14
312  18
313  19
314  22
315  11
316  17
317  19
318  24
319  16
320  17
321  17
322  16
323  16
324  20
325  10
326  38
327  22
328  20
329  31
330  28
331  20
332  22
333  25
334  29
335  16
336  20
337  25
338  28
339  14
340  19
341  19
342  26
343  18
344  14
345  13
346  18
347  24
348  21
349  17
350  12
351  14
352  19
353  8
354  18
355  15
356  19
357  26
358  11
359  10
360  9
361  10
362  18
363  17
364  17
365  11
366  10
367  14
368  13
369  11
370  12
371  14
372  14
373  15
374  14
375  9
376  14
377  13
378  3
379  11
380  20
381  10
382  10
383  12
384  14
385  11
386  17
387  14
388  11
389  13
390  10
391  13
392  2
393  9
394  18
395  8
396  7
397  15
398  8
399  8
400  2
401  6
402  8
403  7
404  9
405  9
406  8
407  2
408  8
409  9
410  5
411  2
412  8
413  10
414  3
415  4
416  8
417  6
418  5
419  7
420  3
421  5
422  1
423  3
424  3
425  9
426  2
427  5
428  3
429  6
430  1
431  7
432  1
433  2
434  4
435  4
436  2
437  3
438  3
439  4
440  4
441  3
442  4
443  1
444  1
445  2
446  3
447  4
448  2
449  4
450  4
451  4
452  5
453  7
454  4
455  1
456  5
457  1
458  2
459  3
460  2
461  4
462  2
463  3
464  2
465  7
466  0
467  3
468  3
469  4
470  0
471  3
472  2
473  3
474  1
475  0
476  2
477  3
478  1
479  2
480  2
481  1
482  0
483  4
484  3
485  1
486  4
487  5
488  3
489  1
490  1
491  1
492  2
493  4
494  2
495  7
496  2
497  0
498  2
499  1
500  1
501  1
502  3
503  1
504  0
505  2
506  2
507  2
508  2
509  2
510  0
511  2
512  0
513  0
514  0
515  1
516  1
517  1
518  2
519  0
520  1
521  3
522  6
523  1
524  1
525  1
526  4
527  1
528  3
529  0
530  0
531  2
532  5
533  2
534  1
535  3
536  2
537  1
538  2
539  2
540  4
541  0
542  1
543  0
544  1
545  3
546  4
547  3
548  1
549  0
550  0
551  2
552  0
553  2
554  1
555  3
556  1
557  2
558  2
559  0
560  2
561  3
562  3
563  2
564  1
565  2
566  1
567  1
568  2
569  0
570  1
571  3
572  0
573  3
574  2
575  0
576  1
577  2
578  2
579  1
580  3
581  2
582  3
583  3
584  0
585  4
586  1
587  3
588  2
589  1
590  1
591  2
592  2
593  0
594  0
595  1
596  1
597  3
598  2
599  0
600  3
601  2
602  2
603  0
604  0
605  1
606  2
607  0
608  1
609  1
610  0
611  0
612  1
613  0
614  0
615  0
616  2
617  0
618  2
619  2
620  0
621  4
622  0
623  0
624  1
625  0
626  3
627  0
628  0
629  1
630  1
631  0
632  1
633  0
634  3
635  2
636  3
637  0
638  0
639  2
640  0
641  2
642  1
643  0
644  2
645  1
646  1
647  0
648  2
649  4
650  1
651  2
652  1
653  0
654  2
655  1
656  2
657  1
658  0
659  1
660  3
661  0
662  0
663  2
664  0
665  0
666  1
667  0
668  1
669  0
670  1
671  1
672  0
673  0
674  3
675  1
676  1
677  1
678  1
679  2
680  1
681  0
682  2
683  0
684  2
685  0
686  0
687  0
688  0
689  0
690  1
691  0
692  1
693  1
694  0
695  0
696  1
697  0
698  0
699  0
700  0
701  0
702  1
703  0
704  1
705  0
706  1
707  0
708  0
709  1
710  0
711  0
712  0
713  0
714  2
715  1
716  1
717  0
718  0
719  0
720  1
721  0
722  0
723  0
724  0
725  0
726  0
727  1
728  1
729  2
730  0
731  0
732  0
733  1
734  0
735  0
736  0
737  0
738  0
739  0
740  0
741  0
742  0
743  0
744  0
745  0
746  0
747  0
748  0
749  0
750  0
751  0
752  0
753  1
754  1
755  0
756  0
757  0
758  0
759  0
760  0
761  0
762  0
763  1
764  0
765  0
766  0
767  0
768  0
769  1
770  0
771  0
772  0
773  0
774  0
775  0
776  0
777  0
778  0
779  0
780  0
781  0
782  0
783  1
784  0
785  0
786  0
787  0
788  0
789  0
790  0
791  0
792  0
793  0
794  1
795  0
796  0
797  0
798  0
799  1
800  0
801  0
802  0
803  0
804  0
805  1
806  1
807  1
808  1
809  0
810  0
811  0
812  0
813  0
814  1
815  0
816  0
817  0
818  0
819  0
820  0
821  1
822  0
823  0
824  0
825  0
826  0
827  0
828  1
829  0
830  0
831  0
832  1
833  0
834  0
835  1
836  0
837  0
838  0
839  0
840  1
841  0
842  0
843  0
844  0
845  0
846  1
847  0
848  0
849  0
850  0
851  0
852  0
853  1
854  0
855  0
856  0
857  0
858  0
859  0
860  1
861  0
862  2
863  0
864  0
865  0
866  0
867  0
868  0
869  1
870  0
871  1
872  0
873  0
874  0
875  0
876  0
877  0
878  0
879  0
880  0
881  0
882  1
883  0
884  0
885  0
886  0
887  0
888  0
889  1
890  0
891  0
892  0
893  1
894  0
895  0
896  0
897  0
898  0
899  1
900  0
901  0
902  0
903  0
904  0
905  0
906  0
907  0
908  0
909  0
910  0
911  0
912  0
913  0
914  0
915  0
916  0
917  0
918  0
919  0
920  0
921  0
922  0
923  0
924  0
925  0
926  0
927  0
928  0
929  0
930  0
931  0
932  0
933  0
934  0
935  0
936  0
937  0
938  0
939  0
940  0
941  0
942  0
943  0
944  0
945  0
946  0
947  0
948  0
949  0
950  0
951  0
952  0
953  0
954  0
955  0
956  0
957  0
958  0
959  0
960  0
961  0
962  0
963  0
964  0
965  0
966  0
967  0
968  0
969  0
970  0
971  0
972  0
973  0
974  0
975  0
976  0
977  0
978  0
979  0
980  0
981  0
982  0
983  0
984  0
985  0
986  0
987  0
988  0
989  0
990  1
991  0
992  0
993  0
994  0
995  0
996  0
997  0
998  0
999  0
1000  0
1001  0
1002  0
1003  0
1004  0
1005  0
1006  0
1007  0
1008  0
1009  0
1010  0
1011  0
1012  0
1013  0
1014  1
1015  0
1016  0
1017  0
1018  2
1019  0
1020  0
1021  0
1022  0
1023  1
