0  0
1  0
2  0
3  0
4  0
5  0
6  0
7  0
8  0
9  0
10  0
11  0
12  0
13  0
14  0
15  6
16  9
17  8
18  11
19  13
20  11
21  7
22  11
23  11
24  12
25  6
26  8
27  7
28  12
29  11
30  13
31  9
32  9
33  9
34  8
35  6
36  6
37  9
38  11
39  8
40  11
41  8
42  5
43  10
44  9
45  10
46  9
47  5
48  14
49  4
50  3
51  9
52  7
53  15
54  7
55  14
56  8
57  27
58  147
59  218
60  364
61  341
62  369
63  337
64  332
65  306
66  313
67  318
68  274
69  273
70  253
71  250
72  229
73  204
74  205
75  208
76  217
77  211
78  209
79  183
80  210
81  199
82  186
83  175
84  155
85  156
86  147
87  155
88  156
89  143
90  133
91  123
92  123
93  139
94  122
95  110
96  103
97  98
98  112
99  107
100  100
101  97
102  75
103  79
104  91
105  80
106  75
107  67
108  72
109  79
110  72
111  55
112  83
113  71
114  79
115  81
116  85
117  86
118  78
119  107
120  101
121  95
122  122
123  125
124  119
125  130
126  142
127  140
128  150
129  165
130  168
131  175
132  202
133  157
134  180
135  200
136  218
137  192
138  186
139  185
140  145
141  152
142  138
143  128
144  118
145  94
146  77
147  85
148  67
149  45
150  54
151  44
152  38
153  34
154  32
155  24
156  23
157  24
158  22
159  43
160  30
161  29
162  26
163  38
164  30
165  31
166  25
167  22
168  22
169  29
170  22
171  31
172  17
173  31
174  20
175  25
176  20
177  25
178  22
179  20
180  25
181  18
182  15
183  24
184  20
185  18
186  23
187  22
188  23
189  11
190  20
191  19
192  29
193  23
194  14
195  17
196  16
197  26
198  13
199  23
200  17
201  20
202  30
203  24
204  25
205  15
206  23
207  16
208  21
209  18
210  21
211  17
212  10
213  20
214  23
215  25
216  17
217  14
218  23
219  14
220  20
221  19
222  15
223  20
224  11
225  17
226  21
227  16
228  22
229  24
230  18
231  22
232  28
233  16
234  18
235  27
236  15
237  17
238  20
239  24
240  23
241  21
242  7
243  19
244  13
245  17
246  17
247  19
248  20
249  18
250  21
251  14
252  29
253  16
254  19
255  17
256  25
257  15
258  15
259  14
260  16
261  18
262  19
263  14
264  19
265  18
266  24
267  20
268  19
269  12
270  15
271  23
272  17
273  12
274  14
275  12
276  11
277  11
278  15
279  9
280  13
281  12
282  12
283  13
284  10
285  7
286  8
287  13
288  10
289  5
290  6
291  11
292  5
293  13
294  6
295  12
296  10
297  14
298  11
299  15
300  7
301  9
302  10
303  8
304  17
305  11
306  13
307  11
308  15
309  13
310  13
311  16
312  17
313  16
314  11
315  22
316  19
317  19
318  23
319  22
320  19
321  15
322  21
323  20
324  16
325  29
326  18
327  20
328  17
329  16
330  16
331  13
332  10
333  15
334  9
335  4
336  5
337  16
338  13
339  12
340  12
341  12
342  5
343  7
344  13
345  12
346  7
347  6
348  11
349  5
350  4
351  4
352  6
353  6
354  3
355  4
356  3
357  5
358  3
359  4
360  8
361  8
362  2
363  0
364  4
365  7
366  4
367  3
368  2
369  8
370  5
371  3
372  2
373  8
374  4
375  5
376  2
377  5
378  2
379  6
380  1
381  4
382  1
383  0
384  3
385  4
386  4
387  1
388  1
389  2
390  0
391  3
392  2
393  1
394  1
395  2
396  3
397  1
398  1
399  3
400  1
401  0
402  1
403  3
404  2
405  0
406  0
407  1
408  3
409  1
410  1
411  1
412  1
413  1
414  2
415  2
416  0
417  2
418  0
419  2
420  2
421  0
422  2
423  1
424  0
425  3
426  2
427  1
428  0
429  3
430  1
431  1
432  1
433  2
434  1
435  0
436  0
437  1
438  1
439  0
440  0
441  1
442  4
443  0
444  1
445  2
446  1
447  0
448  2
449  2
450  1
451  5
452  0
453  0
454  0
455  0
456  1
457  1
458  0
459  1
460  0
461  2
462  1
463  0
464  1
465  1
466  1
467  0
468  0
469  1
470  2
471  0
472  0
473  2
474  0
475  2
476  0
477  1
478  0
479  1
480  0
481  0
482  0
483  0
484  0
485  1
486  1
487  1
488  0
489  0
490  0
491  0
492  1
493  2
494  0
495  1
496  2
497  0
498  0
499  0
500  0
501  0
502  1
503  2
504  1
505  1
506  0
507  0
508  1
509  0
510  0
511  1
512  2
513  1
514  1
515  0
516  1
517  0
518  0
519  1
520  0
521  2
522  1
523  0
524  1
525  1
526  0
527  1
528  1
529  1
530  1
531  0
532  0
533  0
534  0
535  0
536  1
537  0
538  0
539  1
540  1
541  0
542  0
543  0
544  0
545  0
546  1
547  0
548  1
549  1
550  0
551  0
552  0
553  0
554  0
555  0
556  0
557  0
558  0
559  0
560  0
561  0
562  0
563  0
564  0
565  0
566  0
567  0
568  0
569  0
570  0
571  0
572  0
573  0
574  0
575  0
576  0
577  0
578  0
579  0
580  0
581  0
582  0
583  0
584  0
585  0
586  0
587  0
588  0
589  0
590  0
591  0
592  0
593  0
594  0
595  0
596  0
597  0
598  0
599  0
600  0
601  0
602  0
603  0
604  0
605  0
606  0
607  0
608  0
609  0
610  0
611  0
612  0
613  0
614  0
615  0
616  0
617  0
618  0
619  0
620  0
621  0
622  0
623  0
624  0
625  0
626  0
627  0
628  0
629  0
630  0
631  0
632  0
633  0
634  0
635  0
636  0
637  0
638  0
639  0
640  0
641  0
642  0
643  0
644  0
645  0
646  0
647  0
648  0
649  0
650  0
651  0
652  0
653  0
654  0
655  0
656  0
657  0
658  0
659  0
660  0
661  0
662  0
663  0
664  0
665  0
666  0
667  0
668  0
669  0
670  0
671  0
672  0
673  0
674  0
675  0
676  0
677  0
678  0
679  0
680  0
681  0
682  0
683  0
684  0
685  0
686  0
687  0
688  0
689  0
690  0
691  0
692  0
693  0
694  0
695  0
696  0
697  0
698  0
699  0
700  0
701  0
702  0
703  0
704  0
705  0
706  0
707  0
708  0
709  0
710  0
711  0
712  0
713  0
714  0
715  0
716  0
717  0
718  0
719  0
720  0
721  0
722  0
723  0
724  0
725  0
726  0
727  0
728  0
729  0
730  0
731  0
732  0
733  0
734  0
735  0
736  0
737  0
738  0
739  0
740  0
741  0
742  0
743  0
744  0
745  0
746  0
747  0
748  0
749  0
750  0
751  0
752  0
753  0
754  0
755  0
756  0
757  0
758  0
759  0
760  0
761  0
762  0
763  0
764  0
765  0
766  0
767  0
768  0
769  0
770  0
771  0
772  0
773  0
774  0
775  0
776  0
777  0
778  0
779  0
780  0
781  0
782  0
783  0
784  0
785  0
786  0
787  0
788  0
789  0
790  0
791  0
792  0
793  0
794  0
795  0
796  0
797  0
798  0
799  0
800  0
801  0
802  0
803  0
804  0
805  0
806  0
807  0
808  0
809  0
810  0
811  0
812  0
813  0
814  0
815  0
816  0
817  0
818  0
819  0
820  0
821  0
822  0
823  0
824  0
825  0
826  0
827  0
828  0
829  0
830  0
831  0
832  0
833  0
834  0
835  0
836  0
837  0
838  0
839  0
840  0
841  0
842  0
843  0
844  0
845  0
846  0
847  0
848  0
849  0
850  0
851  0
852  0
853  0
854  0
855  0
856  0
857  0
858  0
859  0
860  0
861  0
862  0
863  0
864  0
865  0
866  0
867  0
868  0
869  0
870  0
871  0
872  0
873  0
874  0
875  0
876  0
877  0
878  0
879  0
880  0
881  0
882  0
883  0
884  0
885  0
886  0
887  0
888  0
889  0
890  0
891  0
892  0
893  0
894  0
895  0
896  0
897  0
898  0
899  0
900  0
901  0
902  0
903  0
904  0
905  0
906  0
907  0
908  0
909  0
910  0
911  0
912  0
913  0
914  0
915  0
916  0
917  0
918  0
919  0
920  0
921  0
922  0
923  0
924  0
925  0
926  0
927  0
928  0
929  0
930  0
931  0
932  0
933  0
934  0
935  0
936  0
937  0
938  0
939  0
940  0
941  0
942  0
943  0
944  0
945  0
946  0
947  0
948  0
949  0
950  0
951  0
952  0
953  0
954  0
955  0
956  0
957  0
958  0
959  0
960  0
961  0
962  0
963  0
964  0
965  0
966  0
967  0
968  0
969  0
970  0
971  0
972  0
973  0
974  0
975  0
976  0
977  0
978  0
979  0
980  0
981  0
982  0
983  0
984  0
985  0
986  0
987  0
988  0
989  0
990  0
991  0
992  0
993  0
994  0
995  0
996  0
997  0
998  0
999  0
1000  0
1001  0
1002  0
1003  0
1004  0
1005  1
1006  0
1007  0
1008  0
1009  0
1010  0
1011  0
1012  0
1013  0
1014  0
1015  1
1016  0
1017  1
1018  0
1019  0
1020  1
1021  0
1022  1
1023  0
