0  0
1  0
2  0
3  0
4  0
5  0
6  0
7  0
8  0
9  0
10  0
11  0
12  0
13  0
14  0
15  4
16  2
17  4
18  7
19  10
20  5
21  6
22  3
23  12
24  11
25  3
26  6
27  11
28  4
29  7
30  10
31  4
32  5
33  7
34  8
35  6
36  6
37  7
38  5
39  9
40  7
41  8
42  11
43  9
44  9
45  4
46  5
47  5
48  7
49  6
50  5
51  3
52  8
53  9
54  4
55  6
56  13
57  80
58  203
59  342
60  374
61  377
62  369
63  361
64  335
65  328
66  288
67  283
68  266
69  282
70  243
71  245
72  235
73  217
74  205
75  178
76  187
77  174
78  176
79  186
80  168
81  194
82  167
83  148
84  147
85  149
86  156
87  152
88  129
89  140
90  138
91  142
92  105
93  118
94  115
95  105
96  97
97  85
98  94
99  90
100  88
101  86
102  86
103  56
104  75
105  88
106  86
107  62
108  74
109  71
110  71
111  67
112  56
113  60
114  73
115  75
116  82
117  91
118  85
119  98
120  89
121  100
122  99
123  143
124  119
125  155
126  161
127  155
128  147
129  172
130  176
131  194
132  224
133  226
134  216
135  205
136  207
137  169
138  177
139  195
140  145
141  130
142  108
143  104
144  73
145  89
146  72
147  51
148  39
149  47
150  35
151  32
152  36
153  35
154  42
155  34
156  31
157  25
158  22
159  31
160  18
161  30
162  26
163  35
164  31
165  27
166  18
167  20
168  22
169  24
170  25
171  33
172  34
173  18
174  21
175  31
176  18
177  27
178  26
179  25
180  30
181  24
182  34
183  21
184  22
185  21
186  24
187  21
188  16
189  32
190  24
191  26
192  19
193  25
194  25
195  22
196  18
197  25
198  19
199  16
200  14
201  15
202  16
203  16
204  28
205  20
206  16
207  21
208  17
209  22
210  22
211  27
212  24
213  18
214  17
215  24
216  27
217  29
218  17
219  21
220  16
221  25
222  24
223  22
224  16
225  20
226  19
227  19
228  18
229  12
230  16
231  24
232  20
233  21
234  25
235  20
236  28
237  18
238  12
239  23
240  22
241  12
242  12
243  20
244  20
245  21
246  22
247  21
248  23
249  27
250  19
251  14
252  20
253  18
254  14
255  15
256  25
257  21
258  11
259  20
260  17
261  16
262  13
263  17
264  14
265  10
266  14
267  10
268  11
269  11
270  10
271  8
272  20
273  11
274  10
275  11
276  15
277  13
278  11
279  14
280  9
281  9
282  12
283  5
284  10
285  12
286  7
287  11
288  12
289  4
290  9
291  8
292  11
293  6
294  7
295  7
296  10
297  8
298  10
299  17
300  5
301  17
302  19
303  20
304  19
305  14
306  15
307  19
308  16
309  10
310  23
311  27
312  17
313  19
314  21
315  25
316  21
317  25
318  21
319  19
320  17
321  15
322  20
323  19
324  21
325  15
326  15
327  11
328  11
329  14
330  13
331  14
332  10
333  8
334  6
335  8
336  8
337  9
338  7
339  5
340  4
341  7
342  5
343  4
344  5
345  5
346  5
347  7
348  6
349  4
350  7
351  4
352  2
353  2
354  6
355  3
356  4
357  5
358  6
359  9
360  7
361  6
362  9
363  5
364  8
365  2
366  8
367  2
368  3
369  6
370  3
371  2
372  3
373  3
374  1
375  2
376  2
377  4
378  2
379  3
380  1
381  2
382  1
383  1
384  1
385  1
386  0
387  1
388  4
389  2
390  0
391  0
392  3
393  3
394  0
395  1
396  0
397  2
398  3
399  0
400  0
401  1
402  2
403  2
404  1
405  2
406  0
407  1
408  1
409  1
410  2
411  1
412  0
413  2
414  0
415  2
416  1
417  0
418  0
419  1
420  1
421  1
422  1
423  0
424  1
425  2
426  4
427  3
428  0
429  1
430  2
431  0
432  3
433  1
434  2
435  2
436  1
437  1
438  1
439  0
440  1
441  0
442  2
443  1
444  0
445  0
446  0
447  2
448  0
449  1
450  0
451  1
452  0
453  0
454  0
455  0
456  0
457  1
458  0
459  3
460  2
461  1
462  1
463  1
464  0
465  1
466  0
467  0
468  0
469  0
470  1
471  0
472  2
473  0
474  0
475  3
476  0
477  1
478  1
479  0
480  1
481  0
482  1
483  1
484  0
485  1
486  3
487  0
488  1
489  0
490  0
491  1
492  1
493  0
494  1
495  0
496  0
497  1
498  2
499  0
500  0
501  0
502  1
503  0
504  1
505  1
506  0
507  0
508  0
509  0
510  0
511  2
512  1
513  0
514  1
515  4
516  1
517  1
518  0
519  0
520  2
521  1
522  0
523  0
524  1
525  1
526  1
527  0
528  1
529  0
530  0
531  0
532  1
533  0
534  0
535  0
536  1
537  0
538  1
539  0
540  0
541  0
542  0
543  0
544  0
545  0
546  0
547  0
548  0
549  0
550  0
551  0
552  0
553  0
554  0
555  0
556  0
557  0
558  0
559  0
560  0
561  0
562  0
563  0
564  0
565  0
566  0
567  0
568  0
569  0
570  0
571  0
572  1
573  0
574  0
575  0
576  0
577  0
578  0
579  0
580  0
581  1
582  0
583  0
584  0
585  0
586  0
587  0
588  0
589  0
590  0
591  0
592  0
593  0
594  0
595  0
596  0
597  0
598  0
599  0
600  0
601  0
602  0
603  0
604  0
605  0
606  0
607  0
608  0
609  0
610  0
611  0
612  0
613  0
614  0
615  0
616  0
617  0
618  0
619  0
620  0
621  0
622  0
623  0
624  0
625  0
626  0
627  0
628  0
629  0
630  0
631  0
632  0
633  0
634  0
635  0
636  0
637  0
638  0
639  0
640  0
641  0
642  0
643  0
644  0
645  0
646  0
647  0
648  0
649  0
650  0
651  0
652  0
653  0
654  0
655  0
656  0
657  0
658  0
659  0
660  0
661  0
662  0
663  0
664  0
665  0
666  0
667  0
668  0
669  0
670  0
671  0
672  0
673  0
674  0
675  0
676  0
677  0
678  0
679  0
680  0
681  0
682  0
683  0
684  0
685  0
686  0
687  0
688  0
689  0
690  0
691  0
692  0
693  0
694  0
695  0
696  0
697  0
698  0
699  0
700  0
701  0
702  0
703  0
704  0
705  0
706  0
707  0
708  0
709  0
710  0
711  0
712  0
713  0
714  0
715  0
716  0
717  0
718  0
719  0
720  0
721  0
722  0
723  0
724  0
725  0
726  0
727  0
728  0
729  0
730  0
731  0
732  0
733  0
734  0
735  0
736  0
737  0
738  0
739  0
740  0
741  0
742  0
743  0
744  0
745  0
746  0
747  0
748  0
749  0
750  0
751  0
752  0
753  0
754  0
755  0
756  0
757  0
758  0
759  0
760  0
761  0
762  0
763  0
764  0
765  0
766  0
767  0
768  0
769  0
770  0
771  0
772  0
773  0
774  0
775  0
776  0
777  0
778  0
779  0
780  0
781  0
782  0
783  0
784  0
785  0
786  0
787  0
788  0
789  0
790  0
791  0
792  0
793  0
794  0
795  0
796  0
797  0
798  0
799  0
800  0
801  0
802  0
803  0
804  0
805  0
806  0
807  0
808  0
809  0
810  0
811  0
812  0
813  0
814  0
815  0
816  0
817  0
818  0
819  0
820  0
821  0
822  0
823  0
824  0
825  0
826  0
827  0
828  0
829  0
830  0
831  0
832  0
833  0
834  0
835  0
836  0
837  0
838  0
839  0
840  0
841  0
842  0
843  0
844  0
845  0
846  0
847  0
848  0
849  0
850  0
851  0
852  0
853  0
854  0
855  0
856  0
857  0
858  0
859  0
860  0
861  0
862  0
863  0
864  0
865  0
866  0
867  0
868  0
869  0
870  0
871  0
872  0
873  0
874  0
875  0
876  0
877  0
878  0
879  0
880  0
881  0
882  0
883  0
884  0
885  0
886  0
887  0
888  0
889  0
890  0
891  0
892  0
893  0
894  0
895  0
896  0
897  0
898  0
899  0
900  0
901  0
902  0
903  0
904  0
905  0
906  0
907  0
908  0
909  0
910  0
911  0
912  0
913  0
914  0
915  0
916  0
917  0
918  0
919  0
920  0
921  0
922  0
923  0
924  0
925  0
926  0
927  0
928  0
929  0
930  0
931  0
932  0
933  0
934  0
935  0
936  0
937  0
938  0
939  0
940  0
941  0
942  0
943  0
944  0
945  0
946  0
947  0
948  0
949  0
950  0
951  0
952  0
953  0
954  0
955  0
956  0
957  0
958  0
959  0
960  0
961  0
962  0
963  0
964  0
965  0
966  0
967  0
968  0
969  0
970  0
971  0
972  0
973  0
974  0
975  0
976  0
977  0
978  0
979  0
980  0
981  0
982  0
983  0
984  0
985  0
986  0
987  0
988  0
989  0
990  0
991  0
992  0
993  0
994  0
995  0
996  0
997  0
998  0
999  0
1000  0
1001  0
1002  0
1003  0
1004  0
1005  0
1006  0
1007  0
1008  0
1009  0
1010  0
1011  0
1012  0
1013  0
1014  0
1015  0
1016  0
1017  0
1018  1
1019  0
1020  0
1021  0
1022  0
1023  0
