0  0
1  0
2  0
3  0
4  0
5  0
6  0
7  0
8  0
9  0
10  0
11  0
12  0
13  0
14  0
15  15
16  5
17  5
18  7
19  9
20  8
21  11
22  7
23  12
24  10
25  10
26  5
27  8
28  8
29  2
30  4
31  12
32  6
33  16
34  10
35  9
36  7
37  5
38  9
39  16
40  12
41  12
42  14
43  8
44  9
45  9
46  15
47  15
48  11
49  8
50  9
51  13
52  16
53  13
54  16
55  12
56  12
57  19
58  12
59  14
60  8
61  9
62  11
63  11
64  9
65  10
66  9
67  10
68  10
69  11
70  10
71  15
72  14
73  8
74  10
75  13
76  7
77  43
78  286
79  373
80  385
81  366
82  361
83  331
84  331
85  318
86  318
87  292
88  267
89  282
90  286
91  273
92  269
93  248
94  222
95  210
96  272
97  243
98  220
99  202
100  198
101  224
102  183
103  186
104  193
105  197
106  191
107  160
108  150
109  158
110  173
111  166
112  135
113  136
114  145
115  154
116  130
117  156
118  94
119  142
120  103
121  121
122  123
123  135
124  114
125  118
126  114
127  135
128  107
129  120
130  105
131  115
132  133
133  150
134  131
135  138
136  158
137  153
138  142
139  177
140  178
141  189
142  181
143  179
144  171
145  196
146  189
147  159
148  171
149  167
150  146
151  167
152  137
153  120
154  116
155  118
156  103
157  92
158  87
159  86
160  84
161  94
162  85
163  90
164  70
165  80
166  58
167  67
168  74
169  65
170  57
171  64
172  59
173  54
174  48
175  46
176  49
177  51
178  41
179  52
180  58
181  37
182  46
183  50
184  38
185  44
186  47
187  48
188  34
189  39
190  42
191  41
192  39
193  39
194  40
195  30
196  36
197  44
198  33
199  40
200  46
201  37
202  48
203  39
204  31
205  33
206  33
207  29
208  40
209  43
210  37
211  32
212  35
213  35
214  40
215  34
216  33
217  30
218  48
219  32
220  30
221  33
222  36
223  29
224  29
225  36
226  31
227  29
228  33
229  19
230  24
231  33
232  28
233  28
234  21
235  34
236  32
237  27
238  26
239  32
240  33
241  30
242  26
243  27
244  36
245  25
246  16
247  31
248  32
249  28
250  37
251  28
252  33
253  29
254  34
255  22
256  27
257  25
258  21
259  25
260  25
261  30
262  31
263  26
264  21
265  18
266  23
267  13
268  26
269  34
270  36
271  21
272  35
273  16
274  30
275  21
276  24
277  27
278  23
279  31
280  20
281  28
282  27
283  23
284  22
285  22
286  24
287  24
288  18
289  14
290  16
291  18
292  19
293  23
294  21
295  16
296  21
297  22
298  18
299  19
300  7
301  17
302  17
303  21
304  17
305  16
306  21
307  15
308  24
309  17
310  13
311  21
312  22
313  20
314  14
315  18
316  22
317  14
318  18
319  20
320  17
321  23
322  17
323  14
324  20
325  25
326  20
327  14
328  29
329  31
330  25
331  28
332  24
333  26
334  27
335  20
336  28
337  25
338  22
339  28
340  27
341  23
342  10
343  20
344  29
345  27
346  24
347  18
348  28
349  11
350  12
351  21
352  19
353  18
354  24
355  16
356  17
357  17
358  11
359  19
360  19
361  12
362  16
363  12
364  18
365  15
366  8
367  10
368  15
369  18
370  19
371  15
372  12
373  16
374  21
375  14
376  11
377  16
378  15
379  17
380  10
381  6
382  13
383  15
384  11
385  15
386  12
387  10
388  11
389  11
390  18
391  11
392  9
393  9
394  16
395  10
396  10
397  4
398  5
399  5
400  7
401  8
402  6
403  13
404  4
405  8
406  9
407  4
408  4
409  7
410  7
411  4
412  5
413  7
414  2
415  7
416  5
417  6
418  6
419  4
420  6
421  4
422  6
423  4
424  4
425  3
426  2
427  3
428  3
429  4
430  5
431  3
432  2
433  2
434  4
435  5
436  3
437  1
438  2
439  4
440  1
441  8
442  1
443  7
444  1
445  3
446  4
447  3
448  7
449  0
450  3
451  3
452  4
453  1
454  1
455  5
456  7
457  2
458  3
459  3
460  4
461  3
462  1
463  4
464  0
465  2
466  0
467  2
468  3
469  1
470  1
471  4
472  2
473  2
474  5
475  4
476  4
477  2
478  2
479  2
480  0
481  3
482  2
483  1
484  2
485  3
486  2
487  1
488  1
489  3
490  6
491  1
492  1
493  3
494  3
495  2
496  0
497  1
498  5
499  1
500  4
501  2
502  3
503  1
504  3
505  2
506  0
507  5
508  0
509  5
510  2
511  1
512  1
513  2
514  2
515  4
516  0
517  7
518  1
519  1
520  2
521  0
522  0
523  2
524  0
525  2
526  3
527  2
528  0
529  2
530  0
531  1
532  1
533  1
534  2
535  1
536  2
537  5
538  2
539  1
540  0
541  1
542  3
543  4
544  0
545  1
546  0
547  1
548  2
549  3
550  2
551  3
552  0
553  1
554  0
555  2
556  2
557  1
558  2
559  0
560  0
561  2
562  1
563  2
564  1
565  0
566  2
567  3
568  2
569  1
570  4
571  0
572  1
573  3
574  2
575  1
576  1
577  1
578  1
579  2
580  0
581  0
582  0
583  0
584  1
585  1
586  1
587  1
588  1
589  0
590  1
591  1
592  4
593  0
594  1
595  3
596  0
597  1
598  1
599  2
600  1
601  1
602  0
603  0
604  0
605  1
606  2
607  0
608  3
609  0
610  0
611  2
612  0
613  1
614  0
615  0
616  1
617  0
618  1
619  0
620  2
621  1
622  1
623  1
624  0
625  2
626  0
627  1
628  0
629  1
630  1
631  2
632  1
633  0
634  2
635  0
636  0
637  1
638  0
639  0
640  0
641  2
642  1
643  0
644  1
645  0
646  0
647  0
648  0
649  0
650  1
651  1
652  1
653  0
654  1
655  2
656  2
657  2
658  1
659  0
660  0
661  1
662  1
663  0
664  2
665  1
666  1
667  1
668  1
669  0
670  1
671  1
672  0
673  1
674  0
675  3
676  1
677  1
678  1
679  2
680  1
681  0
682  2
683  3
684  0
685  1
686  2
687  0
688  0
689  2
690  0
691  2
692  0
693  1
694  1
695  2
696  1
697  0
698  1
699  0
700  1
701  0
702  1
703  1
704  1
705  0
706  0
707  2
708  0
709  0
710  0
711  1
712  3
713  0
714  0
715  0
716  0
717  0
718  1
719  1
720  0
721  0
722  0
723  0
724  0
725  0
726  1
727  0
728  3
729  0
730  1
731  0
732  1
733  0
734  1
735  0
736  0
737  0
738  0
739  0
740  0
741  0
742  0
743  0
744  0
745  0
746  0
747  0
748  0
749  1
750  0
751  1
752  1
753  0
754  0
755  0
756  0
757  0
758  0
759  0
760  0
761  0
762  0
763  0
764  0
765  0
766  0
767  0
768  1
769  0
770  0
771  0
772  0
773  0
774  0
775  0
776  0
777  0
778  1
779  0
780  0
781  0
782  0
783  0
784  0
785  0
786  1
787  0
788  0
789  0
790  0
791  0
792  0
793  0
794  0
795  1
796  0
797  0
798  0
799  0
800  0
801  0
802  0
803  0
804  0
805  0
806  1
807  0
808  0
809  0
810  0
811  0
812  0
813  0
814  0
815  0
816  0
817  0
818  0
819  0
820  0
821  0
822  0
823  0
824  0
825  0
826  0
827  1
828  0
829  0
830  1
831  0
832  0
833  0
834  0
835  0
836  0
837  0
838  0
839  0
840  0
841  0
842  0
843  0
844  0
845  0
846  0
847  0
848  1
849  0
850  0
851  0
852  1
853  0
854  0
855  0
856  0
857  0
858  0
859  0
860  0
861  0
862  0
863  0
864  0
865  0
866  0
867  0
868  0
869  1
870  0
871  0
872  0
873  0
874  0
875  0
876  0
877  0
878  0
879  1
880  0
881  0
882  0
883  0
884  0
885  0
886  0
887  0
888  0
889  0
890  0
891  0
892  0
893  0
894  1
895  0
896  0
897  0
898  0
899  0
900  0
901  0
902  0
903  0
904  0
905  0
906  0
907  0
908  0
909  0
910  0
911  0
912  0
913  0
914  0
915  0
916  0
917  0
918  0
919  0
920  0
921  0
922  0
923  0
924  0
925  0
926  0
927  0
928  0
929  0
930  0
931  0
932  0
933  0
934  0
935  0
936  0
937  0
938  0
939  0
940  0
941  0
942  0
943  0
944  0
945  0
946  0
947  0
948  0
949  0
950  0
951  0
952  0
953  0
954  0
955  0
956  0
957  0
958  0
959  0
960  0
961  0
962  0
963  0
964  0
965  0
966  0
967  0
968  0
969  0
970  0
971  0
972  0
973  0
974  0
975  0
976  0
977  0
978  0
979  0
980  0
981  0
982  0
983  0
984  0
985  0
986  0
987  0
988  0
989  0
990  0
991  0
992  0
993  0
994  0
995  0
996  0
997  0
998  0
999  0
1000  0
1001  0
1002  0
1003  0
1004  0
1005  0
1006  0
1007  0
1008  0
1009  0
1010  0
1011  0
1012  0
1013  0
1014  1
1015  2
1016  0
1017  0
1018  0
1019  0
1020  0
1021  0
1022  0
1023  0
