0  0
1  0
2  0
3  0
4  0
5  0
6  0
7  0
8  0
9  0
10  0
11  0
12  0
13  0
14  0
15  4
16  11
17  16
18  15
19  11
20  4
21  12
22  8
23  9
24  9
25  10
26  5
27  8
28  10
29  11
30  12
31  14
32  9
33  10
34  13
35  8
36  14
37  16
38  13
39  11
40  12
41  19
42  18
43  14
44  10
45  10
46  12
47  10
48  10
49  22
50  16
51  16
52  12
53  7
54  11
55  18
56  16
57  13
58  9
59  17
60  12
61  19
62  10
63  15
64  8
65  12
66  10
67  11
68  8
69  12
70  14
71  11
72  11
73  10
74  20
75  11
76  2
77  46
78  267
79  405
80  358
81  378
82  357
83  381
84  373
85  312
86  339
87  320
88  325
89  348
90  292
91  287
92  308
93  280
94  253
95  261
96  227
97  250
98  217
99  221
100  216
101  208
102  192
103  217
104  199
105  188
106  181
107  188
108  196
109  172
110  172
111  187
112  161
113  147
114  154
115  142
116  141
117  132
118  126
119  122
120  134
121  130
122  124
123  123
124  120
125  119
126  121
127  98
128  133
129  119
130  127
131  131
132  148
133  148
134  149
135  165
136  167
137  178
138  179
139  188
140  183
141  206
142  229
143  249
144  228
145  200
146  210
147  222
148  195
149  204
150  217
151  182
152  172
153  162
154  163
155  133
156  152
157  130
158  112
159  114
160  79
161  101
162  83
163  97
164  68
165  84
166  84
167  82
168  77
169  69
170  54
171  73
172  63
173  62
174  58
175  50
176  53
177  53
178  34
179  46
180  51
181  48
182  54
183  54
184  31
185  43
186  59
187  48
188  44
189  38
190  36
191  45
192  27
193  38
194  35
195  44
196  35
197  36
198  21
199  34
200  35
201  37
202  43
203  42
204  32
205  32
206  38
207  42
208  34
209  48
210  34
211  30
212  29
213  29
214  40
215  39
216  38
217  45
218  35
219  34
220  38
221  33
222  37
223  34
224  34
225  31
226  34
227  29
228  32
229  40
230  34
231  33
232  27
233  28
234  35
235  30
236  36
237  36
238  37
239  23
240  38
241  38
242  29
243  30
244  34
245  33
246  26
247  29
248  27
249  27
250  29
251  36
252  30
253  29
254  32
255  26
256  27
257  32
258  34
259  17
260  22
261  29
262  30
263  23
264  34
265  33
266  28
267  28
268  25
269  35
270  28
271  26
272  21
273  35
274  29
275  16
276  26
277  18
278  19
279  19
280  20
281  23
282  30
283  26
284  19
285  19
286  17
287  19
288  20
289  30
290  21
291  20
292  22
293  15
294  14
295  17
296  18
297  19
298  21
299  19
300  14
301  13
302  17
303  24
304  17
305  19
306  18
307  12
308  16
309  13
310  23
311  18
312  19
313  22
314  17
315  21
316  14
317  20
318  18
319  22
320  23
321  22
322  18
323  26
324  21
325  24
326  20
327  30
328  18
329  22
330  23
331  28
332  28
333  23
334  29
335  31
336  32
337  45
338  26
339  24
340  34
341  32
342  21
343  20
344  21
345  31
346  22
347  14
348  18
349  24
350  18
351  17
352  21
353  14
354  22
355  22
356  20
357  19
358  25
359  14
360  17
361  19
362  12
363  15
364  10
365  15
366  14
367  11
368  15
369  22
370  14
371  13
372  16
373  19
374  6
375  10
376  14
377  14
378  17
379  8
380  14
381  12
382  15
383  13
384  10
385  10
386  17
387  10
388  5
389  11
390  16
391  10
392  10
393  7
394  7
395  11
396  7
397  9
398  11
399  9
400  8
401  7
402  8
403  6
404  4
405  9
406  9
407  10
408  3
409  6
410  4
411  5
412  6
413  5
414  10
415  6
416  4
417  9
418  5
419  5
420  6
421  4
422  5
423  9
424  8
425  3
426  3
427  4
428  4
429  5
430  2
431  0
432  3
433  3
434  4
435  3
436  3
437  2
438  2
439  0
440  4
441  6
442  0
443  4
444  1
445  5
446  1
447  8
448  6
449  4
450  5
451  0
452  2
453  6
454  2
455  2
456  0
457  3
458  5
459  5
460  2
461  8
462  2
463  3
464  4
465  2
466  2
467  1
468  1
469  4
470  2
471  1
472  3
473  3
474  2
475  3
476  3
477  4
478  3
479  1
480  5
481  3
482  4
483  3
484  3
485  3
486  2
487  2
488  5
489  0
490  2
491  3
492  3
493  0
494  0
495  1
496  1
497  2
498  0
499  4
500  3
501  1
502  1
503  2
504  1
505  1
506  1
507  1
508  1
509  2
510  2
511  2
512  2
513  1
514  3
515  3
516  2
517  1
518  4
519  0
520  1
521  2
522  1
523  1
524  0
525  2
526  0
527  1
528  2
529  1
530  1
531  0
532  0
533  2
534  1
535  3
536  1
537  0
538  3
539  4
540  2
541  0
542  2
543  0
544  3
545  3
546  4
547  1
548  1
549  3
550  0
551  0
552  2
553  1
554  1
555  0
556  0
557  1
558  1
559  0
560  2
561  2
562  2
563  1
564  1
565  1
566  0
567  2
568  0
569  3
570  1
571  1
572  4
573  2
574  1
575  2
576  4
577  0
578  1
579  1
580  2
581  3
582  0
583  0
584  2
585  2
586  0
587  0
588  4
589  3
590  0
591  0
592  0
593  1
594  0
595  2
596  1
597  1
598  2
599  1
600  0
601  1
602  0
603  0
604  1
605  3
606  1
607  2
608  1
609  1
610  0
611  3
612  1
613  1
614  2
615  0
616  2
617  1
618  0
619  0
620  1
621  0
622  0
623  0
624  1
625  0
626  2
627  2
628  0
629  0
630  0
631  0
632  1
633  1
634  1
635  0
636  3
637  0
638  1
639  3
640  0
641  2
642  3
643  2
644  1
645  2
646  0
647  2
648  1
649  1
650  0
651  2
652  0
653  0
654  1
655  2
656  1
657  1
658  0
659  1
660  3
661  1
662  1
663  2
664  0
665  4
666  0
667  0
668  2
669  0
670  1
671  0
672  2
673  0
674  1
675  0
676  2
677  2
678  2
679  1
680  0
681  1
682  0
683  1
684  2
685  0
686  1
687  0
688  3
689  0
690  0
691  0
692  1
693  0
694  0
695  1
696  1
697  1
698  1
699  0
700  1
701  0
702  0
703  0
704  0
705  0
706  0
707  1
708  0
709  1
710  0
711  0
712  0
713  0
714  0
715  0
716  0
717  1
718  1
719  0
720  1
721  0
722  0
723  0
724  0
725  0
726  0
727  2
728  1
729  0
730  0
731  0
732  0
733  1
734  0
735  0
736  1
737  0
738  0
739  0
740  0
741  0
742  0
743  0
744  1
745  0
746  1
747  0
748  0
749  0
750  0
751  1
752  0
753  0
754  0
755  0
756  0
757  0
758  0
759  0
760  0
761  1
762  0
763  0
764  0
765  1
766  1
767  0
768  0
769  0
770  0
771  0
772  0
773  0
774  0
775  0
776  1
777  1
778  0
779  0
780  0
781  0
782  0
783  0
784  0
785  0
786  0
787  0
788  1
789  0
790  0
791  0
792  0
793  1
794  0
795  1
796  1
797  0
798  0
799  0
800  0
801  0
802  0
803  0
804  0
805  1
806  0
807  0
808  0
809  0
810  0
811  0
812  0
813  0
814  0
815  1
816  0
817  0
818  1
819  0
820  1
821  1
822  1
823  0
824  0
825  0
826  0
827  0
828  1
829  0
830  0
831  0
832  0
833  0
834  0
835  0
836  0
837  0
838  0
839  0
840  0
841  0
842  0
843  0
844  0
845  0
846  0
847  0
848  0
849  0
850  0
851  0
852  0
853  0
854  1
855  1
856  0
857  0
858  0
859  0
860  1
861  0
862  0
863  0
864  0
865  0
866  0
867  0
868  0
869  0
870  0
871  0
872  0
873  0
874  0
875  0
876  0
877  0
878  0
879  0
880  0
881  0
882  0
883  0
884  0
885  1
886  0
887  0
888  0
889  0
890  0
891  0
892  0
893  0
894  0
895  0
896  0
897  1
898  0
899  0
900  0
901  0
902  0
903  0
904  0
905  0
906  0
907  0
908  0
909  0
910  0
911  0
912  0
913  0
914  0
915  0
916  0
917  0
918  0
919  0
920  1
921  0
922  0
923  0
924  0
925  0
926  0
927  0
928  0
929  0
930  0
931  0
932  0
933  0
934  0
935  0
936  0
937  0
938  0
939  0
940  0
941  0
942  0
943  0
944  1
945  0
946  0
947  0
948  0
949  0
950  0
951  0
952  0
953  0
954  0
955  0
956  0
957  0
958  0
959  0
960  0
961  0
962  0
963  0
964  0
965  0
966  0
967  0
968  0
969  0
970  0
971  0
972  0
973  0
974  0
975  0
976  0
977  0
978  0
979  1
980  0
981  0
982  0
983  0
984  0
985  1
986  0
987  0
988  0
989  0
990  0
991  0
992  0
993  0
994  0
995  0
996  0
997  0
998  0
999  0
1000  0
1001  0
1002  0
1003  0
1004  0
1005  0
1006  0
1007  0
1008  0
1009  0
1010  0
1011  0
1012  1
1013  0
1014  0
1015  0
1016  1
1017  0
1018  1
1019  0
1020  0
1021  0
1022  0
1023  1
