0  0
1  0
2  0
3  0
4  0
5  0
6  0
7  0
8  0
9  0
10  0
11  0
12  0
13  0
14  0
15  7
16  17
17  23
18  9
19  11
20  13
21  14
22  8
23  11
24  14
25  12
26  11
27  13
28  10
29  8
30  8
31  8
32  14
33  10
34  12
35  6
36  9
37  13
38  11
39  8
40  16
41  12
42  10
43  9
44  14
45  14
46  18
47  13
48  21
49  13
50  11
51  15
52  14
53  5
54  11
55  7
56  15
57  15
58  36
59  133
60  274
61  337
62  358
63  317
64  313
65  315
66  333
67  295
68  293
69  279
70  278
71  268
72  259
73  264
74  276
75  228
76  219
77  206
78  192
79  214
80  193
81  194
82  185
83  177
84  148
85  171
86  170
87  155
88  151
89  144
90  131
91  126
92  118
93  133
94  132
95  108
96  127
97  105
98  101
99  107
100  86
101  91
102  81
103  81
104  85
105  77
106  69
107  94
108  71
109  84
110  53
111  75
112  75
113  89
114  80
115  82
116  69
117  99
118  109
119  89
120  100
121  76
122  103
123  108
124  104
125  128
126  136
127  134
128  136
129  148
130  143
131  169
132  165
133  165
134  201
135  191
136  211
137  196
138  199
139  185
140  198
141  174
142  136
143  169
144  150
145  116
146  124
147  92
148  70
149  60
150  71
151  48
152  40
153  33
154  33
155  28
156  34
157  28
158  32
159  31
160  24
161  36
162  30
163  17
164  28
165  31
166  24
167  24
168  28
169  24
170  22
171  15
172  24
173  29
174  32
175  22
176  12
177  25
178  19
179  26
180  19
181  20
182  25
183  24
184  20
185  27
186  22
187  27
188  21
189  15
190  26
191  17
192  18
193  29
194  16
195  18
196  21
197  24
198  21
199  19
200  14
201  18
202  22
203  18
204  20
205  18
206  10
207  30
208  21
209  21
210  18
211  17
212  22
213  10
214  22
215  22
216  18
217  24
218  23
219  14
220  19
221  17
222  20
223  21
224  18
225  30
226  18
227  29
228  20
229  23
230  18
231  18
232  13
233  16
234  25
235  18
236  17
237  21
238  20
239  18
240  27
241  18
242  13
243  16
244  21
245  25
246  13
247  26
248  13
249  16
250  16
251  19
252  20
253  18
254  18
255  18
256  12
257  22
258  24
259  13
260  18
261  13
262  13
263  15
264  22
265  22
266  9
267  12
268  12
269  28
270  20
271  14
272  22
273  16
274  14
275  14
276  15
277  8
278  12
279  17
280  8
281  8
282  19
283  16
284  6
285  6
286  9
287  14
288  8
289  9
290  11
291  15
292  13
293  7
294  13
295  13
296  9
297  8
298  12
299  13
300  15
301  10
302  10
303  13
304  12
305  11
306  15
307  14
308  10
309  16
310  6
311  23
312  19
313  15
314  22
315  10
316  10
317  29
318  21
319  16
320  26
321  19
322  16
323  18
324  21
325  22
326  23
327  27
328  18
329  21
330  20
331  18
332  12
333  16
334  18
335  18
336  14
337  16
338  14
339  10
340  12
341  14
342  13
343  7
344  9
345  10
346  8
347  9
348  5
349  5
350  4
351  5
352  4
353  6
354  4
355  2
356  4
357  2
358  3
359  0
360  4
361  3
362  3
363  10
364  5
365  2
366  3
367  8
368  4
369  9
370  2
371  7
372  2
373  8
374  7
375  4
376  2
377  3
378  7
379  5
380  5
381  4
382  5
383  0
384  1
385  3
386  3
387  2
388  3
389  2
390  2
391  3
392  1
393  3
394  1
395  4
396  1
397  1
398  1
399  2
400  2
401  2
402  4
403  2
404  0
405  1
406  0
407  1
408  2
409  1
410  1
411  0
412  0
413  0
414  1
415  1
416  0
417  2
418  1
419  0
420  0
421  3
422  0
423  2
424  0
425  1
426  1
427  1
428  0
429  1
430  3
431  0
432  0
433  1
434  2
435  0
436  2
437  3
438  2
439  1
440  1
441  0
442  0
443  2
444  2
445  2
446  3
447  4
448  1
449  0
450  0
451  3
452  0
453  1
454  3
455  1
456  3
457  0
458  0
459  0
460  1
461  1
462  1
463  1
464  0
465  0
466  2
467  2
468  1
469  0
470  0
471  1
472  0
473  2
474  1
475  0
476  0
477  1
478  3
479  1
480  0
481  0
482  0
483  2
484  3
485  0
486  1
487  0
488  0
489  1
490  0
491  0
492  0
493  0
494  0
495  0
496  0
497  1
498  0
499  0
500  1
501  2
502  0
503  0
504  1
505  1
506  0
507  0
508  0
509  0
510  0
511  0
512  1
513  0
514  1
515  0
516  1
517  1
518  1
519  1
520  0
521  2
522  1
523  3
524  1
525  1
526  3
527  0
528  1
529  0
530  1
531  1
532  0
533  0
534  0
535  1
536  0
537  0
538  0
539  1
540  0
541  1
542  1
543  0
544  1
545  1
546  3
547  0
548  2
549  0
550  1
551  0
552  0
553  0
554  0
555  0
556  0
557  0
558  0
559  0
560  0
561  0
562  0
563  0
564  0
565  0
566  0
567  0
568  0
569  0
570  0
571  0
572  0
573  0
574  0
575  0
576  0
577  0
578  0
579  0
580  0
581  0
582  0
583  0
584  0
585  0
586  0
587  0
588  0
589  0
590  0
591  0
592  0
593  0
594  0
595  0
596  0
597  0
598  0
599  0
600  0
601  0
602  0
603  0
604  0
605  0
606  0
607  0
608  0
609  0
610  0
611  0
612  0
613  0
614  0
615  0
616  0
617  0
618  0
619  0
620  0
621  0
622  0
623  0
624  0
625  0
626  0
627  0
628  0
629  0
630  0
631  0
632  0
633  0
634  0
635  0
636  0
637  0
638  0
639  0
640  0
641  0
642  0
643  0
644  0
645  0
646  0
647  0
648  0
649  0
650  0
651  0
652  0
653  0
654  0
655  0
656  0
657  0
658  0
659  0
660  0
661  0
662  0
663  0
664  0
665  0
666  0
667  0
668  0
669  0
670  0
671  0
672  0
673  0
674  0
675  0
676  0
677  0
678  0
679  0
680  0
681  0
682  0
683  0
684  0
685  0
686  0
687  0
688  0
689  0
690  0
691  0
692  0
693  0
694  0
695  0
696  0
697  0
698  0
699  0
700  0
701  0
702  0
703  0
704  0
705  0
706  0
707  0
708  0
709  0
710  0
711  0
712  0
713  0
714  0
715  0
716  0
717  0
718  0
719  0
720  0
721  0
722  0
723  0
724  0
725  0
726  0
727  0
728  0
729  0
730  0
731  0
732  0
733  0
734  0
735  0
736  0
737  0
738  0
739  0
740  0
741  0
742  0
743  0
744  0
745  0
746  0
747  0
748  0
749  0
750  0
751  0
752  0
753  0
754  0
755  0
756  0
757  0
758  0
759  0
760  0
761  0
762  0
763  0
764  0
765  0
766  0
767  0
768  0
769  0
770  0
771  0
772  0
773  0
774  0
775  0
776  0
777  0
778  0
779  0
780  0
781  0
782  0
783  0
784  0
785  0
786  0
787  0
788  0
789  0
790  0
791  0
792  0
793  0
794  0
795  0
796  0
797  0
798  0
799  0
800  0
801  0
802  0
803  0
804  0
805  0
806  0
807  0
808  0
809  0
810  0
811  0
812  0
813  0
814  0
815  0
816  0
817  0
818  0
819  0
820  0
821  0
822  0
823  0
824  0
825  0
826  0
827  0
828  0
829  0
830  0
831  0
832  0
833  0
834  0
835  0
836  0
837  0
838  0
839  0
840  0
841  0
842  0
843  0
844  0
845  0
846  0
847  0
848  0
849  0
850  0
851  0
852  0
853  0
854  0
855  0
856  0
857  0
858  0
859  0
860  0
861  0
862  0
863  0
864  0
865  0
866  0
867  0
868  0
869  0
870  0
871  0
872  0
873  0
874  0
875  0
876  0
877  0
878  0
879  0
880  0
881  0
882  0
883  0
884  0
885  0
886  0
887  0
888  0
889  0
890  0
891  0
892  0
893  0
894  0
895  0
896  0
897  0
898  0
899  0
900  0
901  0
902  0
903  0
904  0
905  0
906  0
907  0
908  0
909  0
910  0
911  0
912  0
913  0
914  0
915  0
916  0
917  0
918  0
919  0
920  0
921  0
922  0
923  0
924  0
925  0
926  0
927  0
928  0
929  0
930  0
931  0
932  0
933  0
934  0
935  0
936  0
937  0
938  0
939  0
940  0
941  0
942  0
943  0
944  0
945  0
946  0
947  0
948  0
949  0
950  0
951  0
952  0
953  0
954  0
955  0
956  0
957  0
958  0
959  0
960  0
961  0
962  0
963  0
964  0
965  0
966  0
967  0
968  0
969  0
970  0
971  0
972  0
973  0
974  0
975  0
976  0
977  0
978  0
979  0
980  0
981  0
982  0
983  0
984  0
985  0
986  0
987  0
988  0
989  0
990  0
991  0
992  0
993  0
994  0
995  0
996  0
997  0
998  0
999  0
1000  0
1001  0
1002  0
1003  1
1004  0
1005  0
1006  1
1007  0
1008  0
1009  0
1010  0
1011  0
1012  0
1013  0
1014  0
1015  0
1016  0
1017  1
1018  0
1019  1
1020  0
1021  1
1022  0
1023  2
