0  0
1  0
2  0
3  0
4  0
5  0
6  0
7  0
8  0
9  0
10  0
11  0
12  0
13  0
14  0
15  6
16  0
17  4
18  3
19  2
20  5
21  1
22  5
23  2
24  3
25  2
26  1
27  6
28  5
29  10
30  5
31  1
32  5
33  7
34  11
35  6
36  5
37  5
38  4
39  10
40  6
41  4
42  4
43  7
44  11
45  10
46  11
47  6
48  9
49  7
50  5
51  9
52  7
53  13
54  3
55  7
56  8
57  9
58  3
59  9
60  7
61  8
62  7
63  4
64  9
65  0
66  3
67  8
68  3
69  5
70  1
71  4
72  5
73  9
74  9
75  3
76  3
77  35
78  282
79  326
80  381
81  357
82  308
83  346
84  310
85  295
86  287
87  300
88  286
89  258
90  247
91  222
92  251
93  277
94  219
95  247
96  221
97  217
98  198
99  227
100  209
101  187
102  181
103  219
104  188
105  188
106  157
107  167
108  185
109  151
110  150
111  145
112  135
113  138
114  124
115  132
116  152
117  124
118  135
119  135
120  119
121  119
122  95
123  99
124  114
125  129
126  111
127  118
128  131
129  113
130  113
131  108
132  117
133  109
134  115
135  127
136  119
137  141
138  120
139  123
140  105
141  123
142  127
143  112
144  127
145  121
146  96
147  113
148  112
149  128
150  109
151  90
152  89
153  81
154  102
155  86
156  77
157  77
158  92
159  71
160  68
161  66
162  71
163  74
164  43
165  54
166  57
167  59
168  72
169  54
170  60
171  63
172  55
173  47
174  57
175  48
176  55
177  51
178  54
179  34
180  49
181  48
182  39
183  56
184  45
185  33
186  39
187  45
188  33
189  38
190  44
191  46
192  33
193  38
194  36
195  44
196  39
197  34
198  29
199  37
200  27
201  43
202  39
203  34
204  30
205  31
206  37
207  35
208  26
209  32
210  45
211  31
212  31
213  31
214  35
215  32
216  29
217  33
218  33
219  40
220  41
221  25
222  38
223  32
224  35
225  34
226  30
227  29
228  33
229  31
230  25
231  30
232  29
233  25
234  24
235  22
236  29
237  34
238  27
239  27
240  26
241  28
242  27
243  23
244  34
245  30
246  27
247  26
248  27
249  29
250  33
251  24
252  18
253  26
254  26
255  25
256  33
257  16
258  20
259  26
260  21
261  23
262  20
263  22
264  22
265  29
266  25
267  25
268  21
269  27
270  16
271  18
272  28
273  14
274  25
275  26
276  23
277  17
278  23
279  13
280  26
281  17
282  20
283  19
284  18
285  24
286  16
287  21
288  23
289  23
290  18
291  20
292  22
293  13
294  14
295  11
296  23
297  21
298  18
299  15
300  17
301  13
302  13
303  19
304  15
305  14
306  20
307  20
308  9
309  12
310  21
311  19
312  16
313  17
314  15
315  26
316  17
317  22
318  14
319  21
320  22
321  22
322  17
323  20
324  14
325  21
326  21
327  20
328  19
329  13
330  15
331  22
332  22
333  14
334  14
335  11
336  15
337  16
338  9
339  17
340  12
341  14
342  18
343  23
344  15
345  19
346  23
347  14
348  17
349  12
350  9
351  11
352  12
353  14
354  15
355  13
356  12
357  9
358  11
359  10
360  13
361  8
362  12
363  11
364  13
365  12
366  10
367  10
368  12
369  21
370  17
371  15
372  8
373  11
374  13
375  12
376  15
377  12
378  18
379  17
380  17
381  11
382  8
383  9
384  10
385  19
386  11
387  8
388  4
389  12
390  6
391  12
392  15
393  14
394  12
395  11
396  7
397  13
398  14
399  5
400  14
401  14
402  4
403  7
404  6
405  4
406  6
407  8
408  5
409  3
410  4
411  10
412  5
413  4
414  5
415  8
416  4
417  5
418  3
419  8
420  2
421  3
422  6
423  3
424  5
425  6
426  4
427  9
428  2
429  3
430  6
431  5
432  6
433  3
434  3
435  2
436  4
437  3
438  4
439  1
440  0
441  0
442  4
443  5
444  5
445  1
446  2
447  4
448  1
449  0
450  1
451  4
452  4
453  4
454  3
455  1
456  3
457  4
458  0
459  3
460  1
461  5
462  1
463  2
464  0
465  3
466  5
467  3
468  3
469  4
470  2
471  0
472  5
473  2
474  1
475  3
476  2
477  3
478  2
479  2
480  1
481  2
482  1
483  2
484  0
485  1
486  0
487  2
488  2
489  2
490  2
491  1
492  1
493  1
494  0
495  0
496  1
497  1
498  3
499  1
500  3
501  2
502  0
503  1
504  0
505  2
506  0
507  2
508  1
509  1
510  1
511  1
512  1
513  3
514  2
515  2
516  2
517  4
518  0
519  1
520  1
521  3
522  4
523  4
524  5
525  2
526  0
527  4
528  0
529  0
530  0
531  2
532  3
533  1
534  1
535  3
536  1
537  2
538  2
539  0
540  0
541  3
542  3
543  2
544  3
545  2
546  2
547  2
548  0
549  3
550  2
551  2
552  3
553  1
554  3
555  1
556  2
557  0
558  1
559  2
560  1
561  0
562  1
563  2
564  1
565  1
566  2
567  2
568  0
569  0
570  1
571  2
572  2
573  2
574  1
575  0
576  1
577  1
578  0
579  0
580  2
581  1
582  2
583  1
584  4
585  0
586  2
587  1
588  2
589  0
590  1
591  1
592  1
593  2
594  0
595  2
596  3
597  0
598  2
599  0
600  0
601  1
602  1
603  2
604  2
605  0
606  0
607  2
608  0
609  0
610  1
611  2
612  4
613  1
614  2
615  2
616  1
617  0
618  0
619  1
620  1
621  1
622  0
623  0
624  0
625  1
626  1
627  0
628  2
629  1
630  0
631  0
632  0
633  0
634  2
635  2
636  1
637  2
638  0
639  0
640  2
641  1
642  1
643  3
644  1
645  1
646  1
647  1
648  0
649  0
650  2
651  0
652  1
653  1
654  0
655  2
656  2
657  3
658  2
659  0
660  1
661  0
662  0
663  0
664  3
665  0
666  1
667  1
668  1
669  0
670  3
671  0
672  1
673  0
674  1
675  0
676  2
677  2
678  0
679  3
680  3
681  0
682  1
683  1
684  1
685  1
686  1
687  1
688  0
689  0
690  0
691  0
692  1
693  1
694  1
695  1
696  1
697  0
698  2
699  1
700  1
701  0
702  0
703  1
704  1
705  0
706  0
707  0
708  0
709  1
710  1
711  0
712  1
713  1
714  1
715  0
716  0
717  0
718  0
719  0
720  0
721  0
722  0
723  0
724  0
725  0
726  0
727  0
728  0
729  0
730  1
731  1
732  0
733  1
734  0
735  1
736  0
737  0
738  0
739  0
740  0
741  0
742  0
743  0
744  0
745  0
746  0
747  0
748  0
749  0
750  0
751  0
752  0
753  0
754  0
755  0
756  0
757  0
758  0
759  0
760  0
761  0
762  0
763  0
764  0
765  0
766  0
767  0
768  0
769  0
770  0
771  0
772  1
773  0
774  0
775  0
776  0
777  0
778  0
779  0
780  1
781  0
782  0
783  2
784  1
785  0
786  0
787  0
788  2
789  0
790  0
791  0
792  0
793  0
794  0
795  0
796  0
797  0
798  0
799  0
800  0
801  0
802  0
803  0
804  0
805  0
806  0
807  0
808  0
809  0
810  0
811  0
812  0
813  0
814  0
815  0
816  0
817  0
818  0
819  0
820  0
821  0
822  0
823  0
824  1
825  1
826  0
827  0
828  0
829  0
830  0
831  0
832  0
833  0
834  0
835  0
836  0
837  0
838  0
839  1
840  0
841  0
842  0
843  0
844  0
845  1
846  0
847  0
848  0
849  0
850  0
851  0
852  0
853  0
854  0
855  0
856  0
857  0
858  0
859  0
860  0
861  0
862  2
863  0
864  1
865  0
866  0
867  0
868  0
869  0
870  0
871  1
872  0
873  0
874  0
875  0
876  0
877  1
878  0
879  0
880  0
881  0
882  0
883  0
884  0
885  0
886  1
887  0
888  0
889  0
890  0
891  0
892  1
893  0
894  0
895  0
896  0
897  0
898  0
899  0
900  0
901  0
902  0
903  0
904  0
905  0
906  0
907  0
908  0
909  1
910  0
911  0
912  0
913  0
914  0
915  0
916  0
917  0
918  0
919  0
920  0
921  0
922  0
923  0
924  0
925  0
926  0
927  0
928  0
929  0
930  0
931  0
932  0
933  0
934  0
935  0
936  0
937  0
938  0
939  0
940  0
941  0
942  0
943  0
944  0
945  0
946  0
947  0
948  0
949  0
950  0
951  0
952  0
953  0
954  0
955  0
956  0
957  0
958  0
959  0
960  0
961  0
962  0
963  0
964  0
965  0
966  0
967  0
968  0
969  0
970  0
971  0
972  0
973  0
974  0
975  0
976  0
977  0
978  0
979  0
980  1
981  0
982  0
983  0
984  0
985  0
986  0
987  0
988  0
989  0
990  0
991  0
992  0
993  0
994  0
995  0
996  0
997  1
998  0
999  0
1000  0
1001  0
1002  0
1003  0
1004  0
1005  0
1006  0
1007  0
1008  0
1009  0
1010  0
1011  0
1012  0
1013  0
1014  0
1015  1
1016  0
1017  1
1018  0
1019  1
1020  0
1021  0
1022  0
1023  0
