0  0
1  0
2  0
3  0
4  0
5  0
6  0
7  0
8  0
9  0
10  0
11  0
12  0
13  0
14  0
15  11
16  9
17  10
18  7
19  11
20  13
21  11
22  8
23  10
24  6
25  8
26  6
27  10
28  7
29  9
30  6
31  8
32  6
33  11
34  11
35  12
36  7
37  6
38  8
39  4
40  7
41  12
42  5
43  10
44  12
45  11
46  5
47  7
48  13
49  16
50  13
51  7
52  10
53  6
54  11
55  9
56  12
57  16
58  33
59  94
60  140
61  182
62  162
63  171
64  175
65  129
66  174
67  157
68  148
69  122
70  127
71  121
72  133
73  125
74  121
75  119
76  102
77  95
78  100
79  88
80  89
81  83
82  89
83  83
84  84
85  79
86  74
87  84
88  77
89  67
90  83
91  79
92  62
93  67
94  62
95  64
96  57
97  49
98  52
99  49
100  34
101  56
102  47
103  46
104  37
105  41
106  34
107  26
108  45
109  30
110  39
111  40
112  32
113  44
114  37
115  43
116  43
117  46
118  47
119  57
120  71
121  67
122  51
123  69
124  69
125  69
126  84
127  83
128  80
129  78
130  76
131  80
132  88
133  79
134  82
135  60
136  77
137  94
138  96
139  69
140  89
141  98
142  81
143  68
144  65
145  44
146  49
147  39
148  41
149  25
150  38
151  24
152  24
153  24
154  16
155  18
156  11
157  14
158  15
159  16
160  20
161  12
162  16
163  13
164  7
165  13
166  16
167  15
168  14
169  13
170  12
171  18
172  15
173  13
174  8
175  9
176  11
177  8
178  8
179  12
180  13
181  9
182  13
183  9
184  15
185  14
186  11
187  14
188  14
189  8
190  14
191  10
192  6
193  9
194  4
195  14
196  12
197  11
198  6
199  12
200  9
201  9
202  8
203  8
204  10
205  9
206  12
207  13
208  3
209  11
210  14
211  13
212  8
213  13
214  10
215  14
216  6
217  6
218  13
219  9
220  12
221  16
222  13
223  16
224  10
225  18
226  7
227  6
228  15
229  4
230  9
231  10
232  8
233  8
234  11
235  7
236  7
237  7
238  9
239  12
240  8
241  11
242  11
243  7
244  12
245  9
246  9
247  7
248  6
249  9
250  9
251  8
252  13
253  7
254  10
255  12
256  7
257  11
258  4
259  7
260  5
261  7
262  9
263  6
264  7
265  13
266  11
267  13
268  15
269  6
270  6
271  9
272  5
273  4
274  6
275  10
276  13
277  8
278  8
279  6
280  9
281  8
282  11
283  9
284  4
285  5
286  7
287  7
288  2
289  5
290  5
291  5
292  7
293  4
294  9
295  2
296  4
297  8
298  4
299  6
300  6
301  5
302  7
303  3
304  4
305  6
306  12
307  6
308  6
309  11
310  4
311  7
312  4
313  11
314  9
315  8
316  4
317  7
318  8
319  10
320  14
321  9
322  14
323  8
324  10
325  11
326  11
327  11
328  9
329  9
330  8
331  11
332  10
333  7
334  8
335  10
336  7
337  5
338  4
339  6
340  6
341  6
342  6
343  0
344  2
345  8
346  2
347  3
348  1
349  4
350  1
351  2
352  7
353  2
354  1
355  2
356  1
357  3
358  2
359  3
360  0
361  2
362  2
363  4
364  3
365  2
366  2
367  0
368  3
369  2
370  1
371  3
372  1
373  1
374  2
375  2
376  1
377  1
378  1
379  2
380  1
381  0
382  1
383  2
384  1
385  1
386  1
387  2
388  0
389  2
390  0
391  1
392  1
393  2
394  1
395  1
396  0
397  0
398  2
399  1
400  2
401  1
402  0
403  2
404  0
405  0
406  0
407  3
408  1
409  2
410  0
411  0
412  1
413  2
414  1
415  1
416  0
417  2
418  1
419  1
420  0
421  0
422  0
423  0
424  1
425  2
426  1
427  2
428  1
429  1
430  0
431  1
432  0
433  0
434  0
435  0
436  0
437  0
438  0
439  3
440  0
441  2
442  1
443  0
444  1
445  0
446  0
447  0
448  0
449  2
450  0
451  0
452  1
453  0
454  1
455  0
456  0
457  0
458  0
459  1
460  1
461  0
462  0
463  1
464  1
465  0
466  0
467  0
468  1
469  1
470  1
471  0
472  0
473  0
474  0
475  0
476  0
477  0
478  0
479  0
480  1
481  0
482  0
483  0
484  0
485  1
486  1
487  0
488  0
489  0
490  0
491  0
492  0
493  0
494  0
495  1
496  0
497  0
498  1
499  0
500  0
501  1
502  0
503  0
504  1
505  0
506  0
507  0
508  2
509  0
510  1
511  0
512  0
513  0
514  1
515  0
516  0
517  0
518  0
519  0
520  0
521  0
522  0
523  1
524  0
525  0
526  0
527  1
528  1
529  0
530  0
531  0
532  0
533  0
534  0
535  1
536  0
537  0
538  0
539  0
540  0
541  1
542  0
543  0
544  0
545  0
546  0
547  0
548  0
549  0
550  0
551  0
552  0
553  0
554  0
555  0
556  0
557  0
558  0
559  0
560  0
561  0
562  0
563  0
564  0
565  0
566  0
567  0
568  0
569  0
570  0
571  0
572  0
573  0
574  0
575  0
576  0
577  0
578  0
579  0
580  0
581  0
582  0
583  0
584  0
585  0
586  0
587  0
588  0
589  0
590  0
591  0
592  0
593  0
594  0
595  0
596  0
597  0
598  0
599  0
600  0
601  0
602  0
603  0
604  0
605  0
606  0
607  0
608  0
609  0
610  0
611  0
612  0
613  0
614  0
615  0
616  0
617  0
618  0
619  0
620  0
621  0
622  0
623  0
624  0
625  0
626  0
627  0
628  0
629  0
630  0
631  0
632  0
633  0
634  0
635  0
636  0
637  0
638  0
639  0
640  0
641  0
642  0
643  0
644  0
645  0
646  0
647  0
648  0
649  0
650  0
651  0
652  0
653  0
654  0
655  0
656  0
657  0
658  0
659  0
660  0
661  0
662  0
663  0
664  0
665  0
666  0
667  0
668  0
669  0
670  0
671  0
672  0
673  0
674  0
675  0
676  0
677  0
678  0
679  0
680  0
681  0
682  0
683  0
684  0
685  0
686  0
687  0
688  0
689  0
690  0
691  0
692  0
693  0
694  0
695  0
696  0
697  0
698  0
699  0
700  0
701  0
702  0
703  0
704  0
705  0
706  0
707  0
708  0
709  0
710  0
711  0
712  0
713  0
714  0
715  0
716  0
717  0
718  0
719  0
720  0
721  0
722  0
723  0
724  0
725  0
726  0
727  0
728  0
729  0
730  0
731  0
732  0
733  0
734  0
735  0
736  0
737  0
738  0
739  0
740  0
741  0
742  0
743  0
744  0
745  0
746  0
747  0
748  0
749  0
750  0
751  0
752  0
753  0
754  0
755  0
756  0
757  0
758  0
759  0
760  0
761  0
762  0
763  0
764  0
765  0
766  0
767  0
768  0
769  0
770  0
771  0
772  0
773  0
774  0
775  0
776  0
777  0
778  0
779  0
780  0
781  0
782  0
783  0
784  0
785  0
786  0
787  0
788  0
789  0
790  0
791  0
792  0
793  0
794  0
795  0
796  0
797  0
798  0
799  0
800  0
801  0
802  0
803  0
804  0
805  0
806  0
807  0
808  0
809  0
810  0
811  0
812  0
813  0
814  0
815  0
816  0
817  0
818  0
819  0
820  0
821  0
822  0
823  0
824  0
825  0
826  0
827  0
828  0
829  0
830  0
831  0
832  0
833  0
834  0
835  0
836  0
837  0
838  0
839  0
840  0
841  0
842  0
843  0
844  0
845  0
846  0
847  0
848  0
849  0
850  0
851  0
852  0
853  0
854  0
855  0
856  0
857  0
858  0
859  0
860  0
861  0
862  0
863  0
864  0
865  0
866  0
867  0
868  0
869  0
870  0
871  0
872  0
873  0
874  0
875  0
876  0
877  0
878  0
879  0
880  0
881  0
882  0
883  0
884  0
885  0
886  0
887  0
888  0
889  0
890  0
891  0
892  0
893  0
894  0
895  0
896  0
897  0
898  0
899  0
900  0
901  0
902  0
903  0
904  0
905  0
906  0
907  0
908  0
909  0
910  0
911  0
912  0
913  0
914  0
915  0
916  0
917  0
918  0
919  0
920  0
921  0
922  0
923  0
924  0
925  0
926  0
927  0
928  0
929  0
930  0
931  0
932  0
933  0
934  0
935  0
936  0
937  0
938  0
939  0
940  0
941  0
942  0
943  0
944  0
945  0
946  0
947  0
948  0
949  0
950  0
951  0
952  0
953  0
954  0
955  0
956  0
957  0
958  0
959  0
960  0
961  0
962  0
963  0
964  0
965  0
966  0
967  0
968  0
969  0
970  0
971  0
972  0
973  0
974  0
975  0
976  0
977  0
978  0
979  0
980  0
981  0
982  0
983  0
984  0
985  0
986  0
987  0
988  0
989  0
990  0
991  0
992  0
993  0
994  0
995  0
996  0
997  0
998  0
999  0
1000  0
1001  0
1002  0
1003  0
1004  0
1005  0
1006  0
1007  0
1008  0
1009  0
1010  0
1011  0
1012  1
1013  0
1014  0
1015  0
1016  1
1017  0
1018  0
1019  0
1020  0
1021  0
1022  0
1023  3
